# 0
100000.00000
100000.00494
100000.09831
100000.00071
100000.05501
100000.03102
100000.09312
100000.02145
100000.13459
99999.95292
100000.12979
99999.86177
99999.97574
100000.16544
100000.27612
100000.22436
99999.76081
100000.07473
100000.14877
99999.80231
100000.00978
99999.94443
99999.89432
99999.83744
99999.86941
100000.07831
99999.75491
100000.23046
100000.02657
100000.15283
100000.01107
99999.80337
100000.10190
99999.63548
99999.90881
100000.04086
99999.59683
99999.80747
99999.91373
99999.83653
99999.91070
99999.84190
100000.07630
100000.01698
100000.11059
99999.99264
99999.68831
99999.86369
100000.10434
99999.75601
99999.94145
99999.55137
100000.21824
99999.64499
99999.87469
99999.85288
100000.56824
99999.49857
99999.57904
99999.68650
99999.90885
99999.88225
100000.36852
100000.38011
100000.04869
99999.89082
99999.37362
99999.71714
100000.12138
100000.05010
100000.47853
100000.50273
99999.93818
100000.01522
99999.51301
100000.76513
99999.74815
100000.29526
100000.22470
99999.11674
99999.70264
100000.10968
99999.92769
100000.52984
100000.11904
100000.15929
100000.04392
100000.27631
100000.53103
100000.05290
100000.15162
99999.96167
99999.94349
100000.35664
99999.63118
100000.70854
100000.85464
100000.37522
100000.15420
100000.68321
