# epsilon_xx, epsilon_yy, epsilon_xy
   0.00000,  -0.00000,  -0.00000
  -0.00090,   0.00132,  -0.00110
  -0.00179,   0.00263,  -0.00220
  -0.00266,   0.00393,  -0.00330
  -0.00353,   0.00523,  -0.00439
  -0.00438,   0.00652,  -0.00549
  -0.00523,   0.00780,  -0.00657
  -0.00606,   0.00907,  -0.00766
  -0.00688,   0.01034,  -0.00874
  -0.00769,   0.01160,  -0.00981
  -0.00849,   0.01285,  -0.01089
  -0.00927,   0.01409,  -0.01196
  -0.01005,   0.01533,  -0.01303
  -0.01081,   0.01656,  -0.01409
  -0.01157,   0.01778,  -0.01515
  -0.01231,   0.01899,  -0.01621
  -0.01304,   0.02020,  -0.01726
  -0.01376,   0.02140,  -0.01831
  -0.01447,   0.02260,  -0.01936
  -0.01517,   0.02378,  -0.02041
  -0.01586,   0.02496,  -0.02145
  -0.01653,   0.02613,  -0.02249
  -0.01720,   0.02730,  -0.02352
  -0.01785,   0.02845,  -0.02455
  -0.01850,   0.02960,  -0.02558
  -0.01913,   0.03074,  -0.02661
  -0.01975,   0.03188,  -0.02763
  -0.02037,   0.03301,  -0.02865
  -0.02097,   0.03413,  -0.02966
  -0.02156,   0.03524,  -0.03068
  -0.02214,   0.03635,  -0.03169
  -0.02271,   0.03745,  -0.03269
  -0.02327,   0.03854,  -0.03370
  -0.02381,   0.03962,  -0.03469
  -0.02435,   0.04070,  -0.03569
  -0.02488,   0.04177,  -0.03669
  -0.02540,   0.04284,  -0.03768
  -0.02590,   0.04389,  -0.03866
  -0.02640,   0.04494,  -0.03965
  -0.02689,   0.04598,  -0.04063
  -0.02736,   0.04702,  -0.04161
  -0.02783,   0.04805,  -0.04258
  -0.02828,   0.04907,  -0.04355
  -0.02873,   0.05008,  -0.04452
  -0.02916,   0.05109,  -0.04549
  -0.02959,   0.05209,  -0.04645
  -0.03000,   0.05308,  -0.04741
  -0.03041,   0.05407,  -0.04837
  -0.03080,   0.05505,  -0.04932
  -0.03119,   0.05602,  -0.05027
  -0.03157,   0.05699,  -0.05122
  -0.03193,   0.05795,  -0.05216
  -0.03229,   0.05890,  -0.05310
  -0.03264,   0.05984,  -0.05404
  -0.03297,   0.06078,  -0.05497
  -0.03330,   0.06171,  -0.05591
  -0.03362,   0.06263,  -0.05684
  -0.03393,   0.06355,  -0.05776
  -0.03423,   0.06446,  -0.05868
  -0.03451,   0.06537,  -0.05960
  -0.03480,   0.06626,  -0.06052
  -0.03507,   0.06715,  -0.06144
  -0.03533,   0.06804,  -0.06235
  -0.03558,   0.06891,  -0.06326
  -0.03582,   0.06978,  -0.06416
  -0.03606,   0.07065,  -0.06506
  -0.03628,   0.07150,  -0.06596
  -0.03650,   0.07235,  -0.06686
  -0.03671,   0.07320,  -0.06775
  -0.03691,   0.07403,  -0.06865
  -0.03710,   0.07486,  -0.06953
  -0.03728,   0.07569,  -0.07042
  -0.03745,   0.07650,  -0.07130
  -0.03761,   0.07731,  -0.07218
  -0.03777,   0.07812,  -0.07306
  -0.03792,   0.07891,  -0.07393
  -0.03805,   0.07970,  -0.07480
  -0.03818,   0.08049,  -0.07567
  -0.03831,   0.08127,  -0.07654
  -0.03842,   0.08204,  -0.07740
  -0.03852,   0.08280,  -0.07826
  -0.03862,   0.08356,  -0.07912
  -0.03871,   0.08431,  -0.07997
  -0.03879,   0.08506,  -0.08082
  -0.03886,   0.08580,  -0.08167
  -0.03893,   0.08653,  -0.08252
  -0.03898,   0.08726,  -0.08336
  -0.03903,   0.08798,  -0.08420
  -0.03907,   0.08869,  -0.08504
  -0.03911,   0.08940,  -0.08588
  -0.03913,   0.09010,  -0.08671
  -0.03915,   0.09079,  -0.08754
  -0.03916,   0.09148,  -0.08837
  -0.03916,   0.09216,  -0.08919
  -0.03916,   0.09284,  -0.09002
  -0.03915,   0.09351,  -0.09084
  -0.03913,   0.09417,  -0.09165
  -0.03910,   0.09483,  -0.09247
  -0.03907,   0.09548,  -0.09328
  -0.03903,   0.09613,  -0.09409
  -0.03898,   0.09677,  -0.09490
  -0.03893,   0.09740,  -0.09570
  -0.03887,   0.09803,  -0.09650
  -0.03880,   0.09865,  -0.09730
  -0.03872,   0.09927,  -0.09810
  -0.03864,   0.09988,  -0.09890
  -0.03855,   0.10048,  -0.09969
  -0.03846,   0.10108,  -0.10048
  -0.03836,   0.10167,  -0.10127
  -0.03825,   0.10225,  -0.10205
  -0.03813,   0.10283,  -0.10283
  -0.03801,   0.10341,  -0.10361
  -0.03789,   0.10397,  -0.10439
  -0.03775,   0.10454,  -0.10517
  -0.03761,   0.10509,  -0.10594
  -0.03747,   0.10564,  -0.10671
  -0.03732,   0.10619,  -0.10748
  -0.03716,   0.10673,  -0.10825
  -0.03700,   0.10726,  -0.10901
  -0.03683,   0.10779,  -0.10978
  -0.03665,   0.10831,  -0.11054
  -0.03647,   0.10883,  -0.11129
  -0.03628,   0.10934,  -0.11205
  -0.03609,   0.10984,  -0.11280
  -0.03590,   0.11034,  -0.11355
  -0.03569,   0.11083,  -0.11430
  -0.03548,   0.11132,  -0.11505
  -0.03527,   0.11180,  -0.11579
  -0.03505,   0.11228,  -0.11654
  -0.03483,   0.11275,  -0.11728
  -0.03460,   0.11322,  -0.11802
  -0.03437,   0.11368,  -0.11875
  -0.03413,   0.11413,  -0.11949
  -0.03388,   0.11458,  -0.12022
  -0.03363,   0.11503,  -0.12095
  -0.03338,   0.11547,  -0.12168
  -0.03312,   0.11590,  -0.12241
  -0.03286,   0.11633,  -0.12313
  -0.03259,   0.11675,  -0.12385
  -0.03232,   0.11717,  -0.12458
  -0.03204,   0.11758,  -0.12529
  -0.03176,   0.11799,  -0.12601
  -0.03148,   0.11839,  -0.12673
  -0.03119,   0.11879,  -0.12744
  -0.03089,   0.11918,  -0.12815
  -0.03060,   0.11956,  -0.12886
  -0.03029,   0.11994,  -0.12957
  -0.02999,   0.12032,  -0.13028
  -0.02968,   0.12069,  -0.13098
  -0.02936,   0.12106,  -0.13169
  -0.02905,   0.12142,  -0.13239
  -0.02872,   0.12177,  -0.13309
  -0.02840,   0.12212,  -0.13379
  -0.02807,   0.12247,  -0.13448
  -0.02774,   0.12281,  -0.13518
  -0.02740,   0.12314,  -0.13587
  -0.02706,   0.12348,  -0.13656
  -0.02672,   0.12380,  -0.13725
  -0.02638,   0.12412,  -0.13794
  -0.02603,   0.12444,  -0.13863
  -0.02567,   0.12475,  -0.13932
  -0.02532,   0.12505,  -0.14000
  -0.02496,   0.12536,  -0.14068
  -0.02460,   0.12565,  -0.14136
  -0.02424,   0.12594,  -0.14204
  -0.02387,   0.12623,  -0.14272
  -0.02350,   0.12651,  -0.14340
  -0.02313,   0.12679,  -0.14408
  -0.02275,   0.12707,  -0.14475
  -0.02237,   0.12733,  -0.14543
  -0.02199,   0.12760,  -0.14610
  -0.02161,   0.12786,  -0.14677
  -0.02122,   0.12811,  -0.14744
  -0.02083,   0.12836,  -0.14811
  -0.02044,   0.12861,  -0.14878
  -0.02005,   0.12885,  -0.14944
  -0.01966,   0.12908,  -0.15011
  -0.01926,   0.12932,  -0.15077
  -0.01886,   0.12954,  -0.15143
  -0.01846,   0.12977,  -0.15210
  -0.01806,   0.12998,  -0.15276
  -0.01765,   0.13020,  -0.15342
  -0.01725,   0.13041,  -0.15408
  -0.01684,   0.13061,  -0.15473
  -0.01643,   0.13082,  -0.15539
  -0.01602,   0.13101,  -0.15605
  -0.01560,   0.13120,  -0.15670
  -0.01519,   0.13139,  -0.15736
  -0.01477,   0.13158,  -0.15801
  -0.01435,   0.13176,  -0.15866
  -0.01393,   0.13193,  -0.15932
  -0.01351,   0.13210,  -0.15997
  -0.01309,   0.13227,  -0.16062
  -0.01267,   0.13243,  -0.16127
  -0.01224,   0.13259,  -0.16192
  -0.01182,   0.13275,  -0.16256
  -0.01139,   0.13290,  -0.16321
  -0.01096,   0.13305,  -0.16386
  -0.01053,   0.13319,  -0.16451
  -0.01010,   0.13333,  -0.16515
  -0.00967,   0.13346,  -0.16580
  -0.00924,   0.13359,  -0.16644
  -0.00881,   0.13372,  -0.16709
  -0.00838,   0.13384,  -0.16773
  -0.00794,   0.13396,  -0.16837
  -0.00751,   0.13408,  -0.16902
  -0.00708,   0.13419,  -0.16966
  -0.00664,   0.13430,  -0.17030
  -0.00621,   0.13440,  -0.17094
  -0.00577,   0.13450,  -0.17158
  -0.00533,   0.13460,  -0.17222
  -0.00490,   0.13469,  -0.17287
  -0.00446,   0.13478,  -0.17351
  -0.00402,   0.13487,  -0.17415
  -0.00359,   0.13495,  -0.17479
  -0.00315,   0.13503,  -0.17543
  -0.00271,   0.13510,  -0.17607
  -0.00228,   0.13517,  -0.17671
  -0.00184,   0.13524,  -0.17735
  -0.00140,   0.13530,  -0.17798
  -0.00096,   0.13536,  -0.17862
  -0.00053,   0.13542,  -0.17926
  -0.00009,   0.13547,  -0.17990
   0.00034,   0.13552,  -0.18054
   0.00078,   0.13557,  -0.18118
   0.00122,   0.13561,  -0.18182
   0.00165,   0.13565,  -0.18246
   0.00209,   0.13569,  -0.18310
   0.00252,   0.13572,  -0.18374
   0.00295,   0.13575,  -0.18438
   0.00339,   0.13578,  -0.18502
   0.00382,   0.13580,  -0.18566
   0.00425,   0.13582,  -0.18630
   0.00468,   0.13584,  -0.18694
   0.00511,   0.13585,  -0.18758
   0.00554,   0.13586,  -0.18822
   0.00597,   0.13587,  -0.18887
   0.00640,   0.13587,  -0.18951
   0.00683,   0.13587,  -0.19015
   0.00726,   0.13587,  -0.19079
   0.00768,   0.13587,  -0.19144
   0.00811,   0.13586,  -0.19208
   0.00853,   0.13585,  -0.19273
   0.00895,   0.13583,  -0.19337
   0.00937,   0.13582,  -0.19402
   0.00979,   0.13580,  -0.19466
   0.01021,   0.13577,  -0.19531
   0.01063,   0.13575,  -0.19596
   0.01105,   0.13572,  -0.19660
   0.01146,   0.13569,  -0.19725
   0.01188,   0.13565,  -0.19790
   0.01229,   0.13561,  -0.19855
   0.01270,   0.13557,  -0.19920
   0.01311,   0.13553,  -0.19985
   0.01352,   0.13549,  -0.20051
   0.01393,   0.13544,  -0.20116
   0.01433,   0.13539,  -0.20181
   0.01474,   0.13533,  -0.20247
   0.01514,   0.13528,  -0.20312
   0.01554,   0.13522,  -0.20378
   0.01594,   0.13516,  -0.20444
   0.01634,   0.13509,  -0.20509
   0.01673,   0.13502,  -0.20575
   0.01713,   0.13495,  -0.20641
   0.01752,   0.13488,  -0.20708
   0.01791,   0.13481,  -0.20774
   0.01830,   0.13473,  -0.20840
   0.01869,   0.13465,  -0.20907
   0.01907,   0.13457,  -0.20973
   0.01946,   0.13449,  -0.21040
   0.01984,   0.13440,  -0.21107
   0.02022,   0.13431,  -0.21174
   0.02060,   0.13422,  -0.21241
   0.02097,   0.13413,  -0.21308
   0.02135,   0.13403,  -0.21375
   0.02172,   0.13393,  -0.21442
   0.02209,   0.13383,  -0.21510
   0.02246,   0.13373,  -0.21578
   0.02282,   0.13363,  -0.21645
   0.02319,   0.13352,  -0.21713
   0.02355,   0.13341,  -0.21781
   0.02391,   0.13330,  -0.21850
   0.02427,   0.13319,  -0.21918
   0.02462,   0.13307,  -0.21987
   0.02498,   0.13296,  -0.22055
   0.02533,   0.13284,  -0.22124
   0.02568,   0.13272,  -0.22193
   0.02602,   0.13259,  -0.22262
   0.02637,   0.13247,  -0.22331
   0.02671,   0.13234,  -0.22401
   0.02705,   0.13221,  -0.22470
   0.02739,   0.13208,  -0.22540
   0.02773,   0.13195,  -0.22610
   0.02806,   0.13182,  -0.22680
   0.02839,   0.13168,  -0.22750
   0.02872,   0.13154,  -0.22821
   0.02904,   0.13140,  -0.22891
   0.02937,   0.13126,  -0.22962
   0.02969,   0.13112,  -0.23033
   0.03001,   0.13097,  -0.23104
   0.03033,   0.13083,  -0.23175
   0.03064,   0.13068,  -0.23247
   0.03095,   0.13053,  -0.23318
   0.03126,   0.13038,  -0.23390
   0.03157,   0.13022,  -0.23462
   0.03188,   0.13007,  -0.23534
   0.03218,   0.12991,  -0.23607
   0.03248,   0.12976,  -0.23679
   0.03278,   0.12960,  -0.23752
   0.03307,   0.12944,  -0.23825
   0.03336,   0.12928,  -0.23898
   0.03365,   0.12911,  -0.23972
   0.03394,   0.12895,  -0.24045
   0.03423,   0.12878,  -0.24119
   0.03451,   0.12861,  -0.24193
   0.03479,   0.12845,  -0.24267
   0.03507,   0.12828,  -0.24341
   0.03534,   0.12810,  -0.24416
   0.03561,   0.12793,  -0.24491
   0.03588,   0.12776,  -0.24566
   0.03615,   0.12758,  -0.24641
   0.03642,   0.12741,  -0.24716
   0.03668,   0.12723,  -0.24792
   0.03694,   0.12705,  -0.24868
   0.03720,   0.12687,  -0.24944
   0.03745,   0.12669,  -0.25020
   0.03770,   0.12651,  -0.25097
   0.03795,   0.12633,  -0.25173
   0.03820,   0.12614,  -0.25250
   0.03845,   0.12596,  -0.25327
   0.03869,   0.12577,  -0.25405
   0.03893,   0.12559,  -0.25482
   0.03916,   0.12540,  -0.25560
   0.03940,   0.12521,  -0.25638
   0.03963,   0.12502,  -0.25717
   0.03986,   0.12483,  -0.25795
   0.04009,   0.12464,  -0.25874
   0.04031,   0.12445,  -0.25953
   0.04053,   0.12426,  -0.26032
   0.04075,   0.12406,  -0.26111
   0.04097,   0.12387,  -0.26191
   0.04119,   0.12367,  -0.26271
   0.04140,   0.12348,  -0.26351
   0.04161,   0.12328,  -0.26432
   0.04181,   0.12309,  -0.26512
   0.04202,   0.12289,  -0.26593
   0.04222,   0.12269,  -0.26674
   0.04242,   0.12249,  -0.26755
   0.04262,   0.12229,  -0.26837
   0.04281,   0.12209,  -0.26919
   0.04300,   0.12189,  -0.27001
   0.04319,   0.12169,  -0.27083
   0.04338,   0.12149,  -0.27166
   0.04357,   0.12129,  -0.27248
   0.04375,   0.12109,  -0.27331
   0.04393,   0.12088,  -0.27415
   0.04411,   0.12068,  -0.27498
   0.04428,   0.12048,  -0.27582
   0.04445,   0.12027,  -0.27666
   0.04462,   0.12007,  -0.27750
   0.04479,   0.11987,  -0.27835
   0.04496,   0.11966,  -0.27920
   0.04512,   0.11946,  -0.28004
   0.04528,   0.11925,  -0.28090
   0.04544,   0.11905,  -0.28175
   0.04560,   0.11884,  -0.28261
   0.04575,   0.11863,  -0.28347
   0.04590,   0.11843,  -0.28433
   0.04605,   0.11822,  -0.28520
   0.04620,   0.11802,  -0.28606
   0.04634,   0.11781,  -0.28693
   0.04649,   0.11761,  -0.28780
   0.04663,   0.11740,  -0.28868
   0.04677,   0.11719,  -0.28956
   0.04690,   0.11699,  -0.29043
   0.04704,   0.11678,  -0.29132
   0.04717,   0.11657,  -0.29220
   0.04730,   0.11637,  -0.29309
   0.04742,   0.11616,  -0.29398
   0.04755,   0.11596,  -0.29487
   0.04767,   0.11575,  -0.29576
   0.04779,   0.11555,  -0.29666
   0.04791,   0.11534,  -0.29756
   0.04803,   0.11514,  -0.29846
   0.04814,   0.11493,  -0.29936
   0.04826,   0.11473,  -0.30027
   0.04837,   0.11452,  -0.30118
   0.04847,   0.11432,  -0.30209
   0.04858,   0.11411,  -0.30300
   0.04868,   0.11391,  -0.30392
   0.04879,   0.11371,  -0.30484
   0.04889,   0.11350,  -0.30576
   0.04899,   0.11330,  -0.30668
   0.04908,   0.11310,  -0.30761
   0.04918,   0.11290,  -0.30853
   0.04927,   0.11270,  -0.30946
   0.04936,   0.11250,  -0.31040
   0.04945,   0.11230,  -0.31133
   0.04954,   0.11210,  -0.31227
   0.04962,   0.11190,  -0.31321
   0.04971,   0.11170,  -0.31415
   0.04979,   0.11150,  -0.31509
   0.04987,   0.11130,  -0.31604
   0.04994,   0.11110,  -0.31699
   0.05002,   0.11091,  -0.31794
   0.05010,   0.11071,  -0.31889
   0.05017,   0.11052,  -0.31985
   0.05024,   0.11032,  -0.32080
   0.05031,   0.11013,  -0.32176
   0.05038,   0.10994,  -0.32272
   0.05044,   0.10974,  -0.32369
   0.05051,   0.10955,  -0.32465
   0.05057,   0.10936,  -0.32562
   0.05063,   0.10917,  -0.32659
   0.05069,   0.10898,  -0.32757
   0.05075,   0.10879,  -0.32854
   0.05081,   0.10861,  -0.32952
   0.05086,   0.10842,  -0.33049
   0.05091,   0.10823,  -0.33148
   0.05097,   0.10805,  -0.33246
   0.05102,   0.10786,  -0.33344
   0.05107,   0.10768,  -0.33443
   0.05111,   0.10750,  -0.33542
   0.05116,   0.10732,  -0.33641
   0.05120,   0.10714,  -0.33740
   0.05125,   0.10696,  -0.33840
   0.05129,   0.10678,  -0.33939
   0.05133,   0.10660,  -0.34039
   0.05137,   0.10642,  -0.34139
   0.05141,   0.10625,  -0.34239
   0.05144,   0.10607,  -0.34340
   0.05148,   0.10590,  -0.34440
   0.05151,   0.10573,  -0.34541
   0.05155,   0.10556,  -0.34642
   0.05158,   0.10539,  -0.34743
   0.05161,   0.10522,  -0.34844
   0.05164,   0.10505,  -0.34946
   0.05167,   0.10489,  -0.35047
   0.05169,   0.10472,  -0.35149
   0.05172,   0.10456,  -0.35251
   0.05174,   0.10439,  -0.35353
   0.05177,   0.10423,  -0.35455
   0.05179,   0.10407,  -0.35558
   0.05181,   0.10391,  -0.35660
   0.05183,   0.10375,  -0.35763
   0.05185,   0.10360,  -0.35866
   0.05187,   0.10344,  -0.35969
   0.05189,   0.10329,  -0.36072
   0.05190,   0.10314,  -0.36175
   0.05192,   0.10299,  -0.36278
   0.05193,   0.10284,  -0.36382
   0.05195,   0.10269,  -0.36485
   0.05196,   0.10254,  -0.36589
   0.05197,   0.10239,  -0.36693
   0.05198,   0.10225,  -0.36797
   0.05199,   0.10211,  -0.36901
   0.05200,   0.10197,  -0.37005
   0.05201,   0.10183,  -0.37110
   0.05202,   0.10169,  -0.37214
   0.05202,   0.10155,  -0.37319
   0.05203,   0.10142,  -0.37423
   0.05203,   0.10128,  -0.37528
   0.05204,   0.10115,  -0.37633
   0.05204,   0.10102,  -0.37738
   0.05204,   0.10089,  -0.37843
   0.05205,   0.10076,  -0.37948
   0.05205,   0.10063,  -0.38053
   0.05205,   0.10051,  -0.38159
   0.05205,   0.10039,  -0.38264
   0.05205,   0.10027,  -0.38370
   0.05205,   0.10015,  -0.38475
   0.05204,   0.10003,  -0.38581
   0.05204,   0.09991,  -0.38686
   0.05204,   0.09980,  -0.38792
   0.05204,   0.09968,  -0.38898
   0.05203,   0.09957,  -0.39004
   0.05203,   0.09946,  -0.39109
   0.05202,   0.09935,  -0.39215
   0.05202,   0.09925,  -0.39321
   0.05201,   0.09914,  -0.39427
   0.05200,   0.09904,  -0.39533
   0.05200,   0.09894,  -0.39639
   0.05199,   0.09884,  -0.39745
   0.05198,   0.09874,  -0.39852
   0.05197,   0.09864,  -0.39958
   0.05196,   0.09855,  -0.40064
   0.05195,   0.09845,  -0.40170
   0.05194,   0.09836,  -0.40276
   0.05193,   0.09827,  -0.40382
   0.05192,   0.09819,  -0.40488
   0.05191,   0.09810,  -0.40595
   0.05190,   0.09802,  -0.40701
   0.05189,   0.09793,  -0.40807
   0.05187,   0.09785,  -0.40913
   0.05186,   0.09778,  -0.41019
   0.05185,   0.09770,  -0.41125
   0.05184,   0.09762,  -0.41231
   0.05182,   0.09755,  -0.41337
   0.05181,   0.09748,  -0.41443
   0.05179,   0.09741,  -0.41549
   0.05178,   0.09734,  -0.41655
   0.05177,   0.09728,  -0.41761
   0.05175,   0.09722,  -0.41867
   0.05174,   0.09715,  -0.41973
   0.05172,   0.09709,  -0.42079
   0.05170,   0.09704,  -0.42184
   0.05169,   0.09698,  -0.42290
   0.05167,   0.09693,  -0.42395
   0.05166,   0.09687,  -0.42501
   0.05164,   0.09682,  -0.42606
   0.05162,   0.09677,  -0.42712
   0.05161,   0.09673,  -0.42817
   0.05159,   0.09668,  -0.42922
   0.05157,   0.09664,  -0.43027
   0.05155,   0.09660,  -0.43132
   0.05154,   0.09656,  -0.43237
   0.05152,   0.09652,  -0.43341
   0.05150,   0.09649,  -0.43446
   0.05148,   0.09646,  -0.43550
   0.05146,   0.09643,  -0.43655
   0.05145,   0.09640,  -0.43759
   0.05143,   0.09637,  -0.43863
   0.05141,   0.09635,  -0.43967
   0.05139,   0.09632,  -0.44071
   0.05137,   0.09630,  -0.44175
   0.05135,   0.09628,  -0.44278
   0.05133,   0.09626,  -0.44381
   0.05131,   0.09625,  -0.44485
   0.05129,   0.09624,  -0.44588
   0.05127,   0.09622,  -0.44691
   0.05125,   0.09622,  -0.44793
   0.05123,   0.09621,  -0.44896
   0.05121,   0.09620,  -0.44998
   0.05119,   0.09620,  -0.45100
   0.05117,   0.09620,  -0.45203
   0.05115,   0.09620,  -0.45304
   0.05113,   0.09620,  -0.45406
   0.05111,   0.09621,  -0.45507
   0.05109,   0.09621,  -0.45609
   0.05107,   0.09622,  -0.45710
   0.05105,   0.09623,  -0.45810
   0.05103,   0.09624,  -0.45911
   0.05101,   0.09626,  -0.46011
   0.05099,   0.09628,  -0.46111
   0.05096,   0.09629,  -0.46211
   0.05094,   0.09632,  -0.46311
   0.05092,   0.09634,  -0.46410
   0.05090,   0.09636,  -0.46510
   0.05088,   0.09639,  -0.46609
   0.05085,   0.09642,  -0.46707
   0.05083,   0.09645,  -0.46806
   0.05081,   0.09648,  -0.46904
   0.05079,   0.09651,  -0.47002
   0.05076,   0.09655,  -0.47099
   0.05074,   0.09659,  -0.47197
   0.05072,   0.09663,  -0.47294
   0.05069,   0.09667,  -0.47391
   0.05067,   0.09672,  -0.47487
   0.05065,   0.09676,  -0.47583
   0.05062,   0.09681,  -0.47679
   0.05060,   0.09686,  -0.47775
   0.05058,   0.09691,  -0.47870
   0.05055,   0.09697,  -0.47965
   0.05053,   0.09702,  -0.48060
   0.05050,   0.09708,  -0.48154
   0.05048,   0.09714,  -0.48248
   0.05045,   0.09720,  -0.48342
   0.05043,   0.09727,  -0.48435
   0.05040,   0.09733,  -0.48528
   0.05037,   0.09740,  -0.48621
   0.05035,   0.09747,  -0.48713
   0.05032,   0.09754,  -0.48805
   0.05029,   0.09762,  -0.48897
   0.05027,   0.09769,  -0.48988
   0.05024,   0.09777,  -0.49079
   0.05021,   0.09785,  -0.49170
   0.05018,   0.09793,  -0.49260
   0.05016,   0.09801,  -0.49350
   0.05013,   0.09810,  -0.49439
   0.05010,   0.09819,  -0.49528
   0.05007,   0.09827,  -0.49617
   0.05004,   0.09837,  -0.49705
   0.05001,   0.09846,  -0.49793
   0.04998,   0.09855,  -0.49881
   0.04995,   0.09865,  -0.49968
   0.04992,   0.09875,  -0.50054
   0.04988,   0.09885,  -0.50141
   0.04985,   0.09895,  -0.50226
   0.04982,   0.09905,  -0.50312
   0.04978,   0.09916,  -0.50397
   0.04975,   0.09927,  -0.50481
   0.04972,   0.09937,  -0.50566
   0.04968,   0.09949,  -0.50649
   0.04965,   0.09960,  -0.50733
   0.04961,   0.09971,  -0.50815
   0.04957,   0.09983,  -0.50898
   0.04954,   0.09995,  -0.50980
   0.04950,   0.10007,  -0.51061
   0.04946,   0.10019,  -0.51142
   0.04942,   0.10031,  -0.51223
   0.04938,   0.10044,  -0.51303
   0.04934,   0.10057,  -0.51382
   0.04930,   0.10069,  -0.51462
   0.04926,   0.10082,  -0.51540
   0.04922,   0.10096,  -0.51618
   0.04918,   0.10109,  -0.51696
   0.04913,   0.10123,  -0.51773
   0.04909,   0.10136,  -0.51850
   0.04904,   0.10150,  -0.51926
   0.04900,   0.10164,  -0.52002
   0.04895,   0.10179,  -0.52077
   0.04891,   0.10193,  -0.52152
   0.04886,   0.10208,  -0.52226
   0.04881,   0.10222,  -0.52300
   0.04876,   0.10237,  -0.52373
   0.04871,   0.10252,  -0.52446
   0.04866,   0.10268,  -0.52518
   0.04860,   0.10283,  -0.52590
   0.04855,   0.10299,  -0.52661
   0.04850,   0.10314,  -0.52731
   0.04844,   0.10330,  -0.52801
   0.04839,   0.10346,  -0.52871
   0.04833,   0.10363,  -0.52940
   0.04827,   0.10379,  -0.53008
   0.04821,   0.10396,  -0.53076
   0.04815,   0.10412,  -0.53144
   0.04809,   0.10429,  -0.53210
   0.04803,   0.10446,  -0.53277
   0.04796,   0.10463,  -0.53342
   0.04790,   0.10480,  -0.53407
   0.04783,   0.10498,  -0.53472
   0.04776,   0.10516,  -0.53536
   0.04770,   0.10533,  -0.53599
   0.04763,   0.10551,  -0.53662
   0.04756,   0.10569,  -0.53724
   0.04748,   0.10587,  -0.53786
   0.04741,   0.10606,  -0.53847
   0.04734,   0.10624,  -0.53908
   0.04726,   0.10643,  -0.53968
   0.04718,   0.10662,  -0.54027
   0.04711,   0.10681,  -0.54086
   0.04703,   0.10700,  -0.54144
   0.04694,   0.10719,  -0.54202
   0.04686,   0.10738,  -0.54259
   0.04678,   0.10758,  -0.54315
   0.04669,   0.10777,  -0.54371
   0.04660,   0.10797,  -0.54426
   0.04652,   0.10817,  -0.54481
   0.04643,   0.10837,  -0.54534
   0.04633,   0.10857,  -0.54588
   0.04624,   0.10877,  -0.54641
   0.04615,   0.10898,  -0.54693
   0.04605,   0.10918,  -0.54744
   0.04595,   0.10939,  -0.54795
   0.04585,   0.10960,  -0.54845
   0.04575,   0.10981,  -0.54895
   0.04565,   0.11002,  -0.54944
   0.04554,   0.11023,  -0.54993
   0.04544,   0.11044,  -0.55040
   0.04533,   0.11066,  -0.55088
   0.04522,   0.11087,  -0.55134
   0.04511,   0.11109,  -0.55180
   0.04499,   0.11131,  -0.55225
   0.04488,   0.11152,  -0.55270
   0.04476,   0.11174,  -0.55314
   0.04464,   0.11197,  -0.55357
   0.04452,   0.11219,  -0.55400
   0.04440,   0.11241,  -0.55442
   0.04427,   0.11264,  -0.55484
   0.04415,   0.11286,  -0.55525
   0.04402,   0.11309,  -0.55565
   0.04389,   0.11332,  -0.55604
   0.04376,   0.11355,  -0.55643
   0.04362,   0.11378,  -0.55682
   0.04348,   0.11401,  -0.55719
   0.04335,   0.11424,  -0.55756
   0.04320,   0.11447,  -0.55793
   0.04306,   0.11471,  -0.55828
   0.04292,   0.11494,  -0.55863
   0.04277,   0.11518,  -0.55898
   0.04262,   0.11542,  -0.55931
   0.04247,   0.11566,  -0.55964
   0.04231,   0.11590,  -0.55997
   0.04216,   0.11614,  -0.56029
   0.04200,   0.11638,  -0.56060
   0.04184,   0.11662,  -0.56090
   0.04168,   0.11686,  -0.56120
   0.04151,   0.11711,  -0.56149
   0.04134,   0.11735,  -0.56178
   0.04117,   0.11760,  -0.56206
   0.04100,   0.11785,  -0.56233
   0.04083,   0.11809,  -0.56260
   0.04065,   0.11834,  -0.56286
   0.04047,   0.11859,  -0.56311
   0.04029,   0.11884,  -0.56336
   0.04010,   0.11909,  -0.56360
   0.03992,   0.11935,  -0.56383
   0.03973,   0.11960,  -0.56406
   0.03953,   0.11985,  -0.56428
   0.03934,   0.12011,  -0.56449
   0.03914,   0.12036,  -0.56470
   0.03894,   0.12062,  -0.56490
   0.03874,   0.12088,  -0.56509
   0.03854,   0.12113,  -0.56528
   0.03833,   0.12139,  -0.56546
   0.03812,   0.12165,  -0.56564
   0.03791,   0.12191,  -0.56581
   0.03769,   0.12217,  -0.56597
   0.03747,   0.12243,  -0.56612
   0.03725,   0.12269,  -0.56627
   0.03703,   0.12296,  -0.56642
   0.03680,   0.12322,  -0.56655
   0.03657,   0.12348,  -0.56668
   0.03634,   0.12375,  -0.56681
   0.03611,   0.12401,  -0.56692
   0.03587,   0.12428,  -0.56703
   0.03563,   0.12455,  -0.56714
   0.03538,   0.12481,  -0.56724
   0.03514,   0.12508,  -0.56733
   0.03489,   0.12535,  -0.56742
   0.03464,   0.12562,  -0.56749
   0.03438,   0.12589,  -0.56757
   0.03413,   0.12616,  -0.56763
   0.03387,   0.12643,  -0.56770
   0.03360,   0.12670,  -0.56775
   0.03334,   0.12697,  -0.56780
   0.03307,   0.12725,  -0.56784
   0.03280,   0.12752,  -0.56788
   0.03252,   0.12779,  -0.56791
   0.03224,   0.12807,  -0.56793
   0.03196,   0.12834,  -0.56795
   0.03168,   0.12861,  -0.56796
   0.03139,   0.12889,  -0.56796
   0.03110,   0.12917,  -0.56796
   0.03081,   0.12944,  -0.56796
   0.03051,   0.12972,  -0.56794
   0.03021,   0.13000,  -0.56793
   0.02991,   0.13027,  -0.56790
   0.02961,   0.13055,  -0.56787
   0.02930,   0.13083,  -0.56783
   0.02899,   0.13111,  -0.56779
   0.02867,   0.13139,  -0.56774
   0.02836,   0.13167,  -0.56769
   0.02804,   0.13195,  -0.56763
   0.02771,   0.13223,  -0.56756
   0.02739,   0.13251,  -0.56749
   0.02706,   0.13279,  -0.56742
   0.02672,   0.13307,  -0.56733
   0.02639,   0.13335,  -0.56725
   0.02605,   0.13363,  -0.56715
   0.02571,   0.13391,  -0.56705
   0.02536,   0.13419,  -0.56695
   0.02501,   0.13448,  -0.56684
   0.02466,   0.13476,  -0.56672
   0.02431,   0.13504,  -0.56660
   0.02395,   0.13533,  -0.56647
   0.02359,   0.13561,  -0.56634
   0.02322,   0.13589,  -0.56620
   0.02286,   0.13618,  -0.56606
   0.02249,   0.13646,  -0.56591
   0.02211,   0.13675,  -0.56576
   0.02173,   0.13703,  -0.56560
   0.02135,   0.13731,  -0.56544
   0.02097,   0.13760,  -0.56527
   0.02059,   0.13788,  -0.56509
   0.02020,   0.13817,  -0.56491
   0.01980,   0.13845,  -0.56473
   0.01941,   0.13874,  -0.56454
   0.01901,   0.13903,  -0.56435
   0.01861,   0.13931,  -0.56415
   0.01820,   0.13960,  -0.56394
   0.01779,   0.13988,  -0.56374
   0.01738,   0.14017,  -0.56352
   0.01697,   0.14045,  -0.56330
   0.01655,   0.14074,  -0.56308
   0.01613,   0.14103,  -0.56285
   0.01571,   0.14131,  -0.56262
   0.01528,   0.14160,  -0.56238
   0.01485,   0.14188,  -0.56214
   0.01442,   0.14217,  -0.56190
   0.01398,   0.14246,  -0.56165
   0.01354,   0.14274,  -0.56139
   0.01310,   0.14303,  -0.56113
   0.01265,   0.14331,  -0.56087
   0.01221,   0.14360,  -0.56060
   0.01175,   0.14389,  -0.56033
   0.01130,   0.14417,  -0.56006
   0.01084,   0.14446,  -0.55978
   0.01038,   0.14474,  -0.55949
   0.00992,   0.14503,  -0.55920
   0.00945,   0.14531,  -0.55891
   0.00898,   0.14560,  -0.55861
   0.00851,   0.14588,  -0.55831
   0.00804,   0.14617,  -0.55801
   0.00756,   0.14645,  -0.55770
   0.00708,   0.14674,  -0.55739
   0.00659,   0.14702,  -0.55708
   0.00611,   0.14731,  -0.55676
   0.00562,   0.14759,  -0.55644
   0.00512,   0.14788,  -0.55611
   0.00463,   0.14816,  -0.55578
   0.00413,   0.14844,  -0.55545
   0.00363,   0.14873,  -0.55511
   0.00313,   0.14901,  -0.55477
   0.00262,   0.14929,  -0.55443
   0.00211,   0.14958,  -0.55409
   0.00160,   0.14986,  -0.55374
   0.00108,   0.15014,  -0.55338
   0.00057,   0.15042,  -0.55303
   0.00005,   0.15070,  -0.55267
  -0.00048,   0.15098,  -0.55231
  -0.00100,   0.15127,  -0.55195
  -0.00153,   0.15155,  -0.55158
  -0.00206,   0.15183,  -0.55121
  -0.00259,   0.15211,  -0.55084
  -0.00313,   0.15239,  -0.55046
  -0.00366,   0.15267,  -0.55009
  -0.00421,   0.15294,  -0.54971
  -0.00475,   0.15322,  -0.54932
  -0.00529,   0.15350,  -0.54894
  -0.00584,   0.15378,  -0.54855
  -0.00639,   0.15406,  -0.54816
  -0.00694,   0.15433,  -0.54777
  -0.00750,   0.15461,  -0.54738
  -0.00806,   0.15488,  -0.54698
  -0.00861,   0.15516,  -0.54658
  -0.00918,   0.15543,  -0.54618
  -0.00974,   0.15571,  -0.54578
  -0.01031,   0.15598,  -0.54538
  -0.01087,   0.15626,  -0.54497
  -0.01144,   0.15653,  -0.54456
  -0.01202,   0.15680,  -0.54415
  -0.01259,   0.15707,  -0.54374
  -0.01317,   0.15734,  -0.54333
  -0.01374,   0.15761,  -0.54292
  -0.01433,   0.15788,  -0.54250
  -0.01491,   0.15815,  -0.54208
  -0.01549,   0.15842,  -0.54166
  -0.01608,   0.15869,  -0.54124
  -0.01667,   0.15896,  -0.54082
  -0.01725,   0.15923,  -0.54040
  -0.01785,   0.15949,  -0.53998
  -0.01844,   0.15976,  -0.53955
  -0.01903,   0.16002,  -0.53913
  -0.01963,   0.16029,  -0.53870
  -0.02023,   0.16055,  -0.53828
  -0.02083,   0.16081,  -0.53785
  -0.02143,   0.16107,  -0.53742
  -0.02203,   0.16133,  -0.53699
  -0.02264,   0.16160,  -0.53656
  -0.02324,   0.16186,  -0.53613
  -0.02385,   0.16211,  -0.53570
  -0.02446,   0.16237,  -0.53527
  -0.02506,   0.16263,  -0.53484
  -0.02568,   0.16289,  -0.53440
  -0.02629,   0.16314,  -0.53397
  -0.02690,   0.16340,  -0.53354
  -0.02751,   0.16365,  -0.53311
  -0.02813,   0.16390,  -0.53268
  -0.02875,   0.16415,  -0.53224
  -0.02936,   0.16440,  -0.53181
  -0.02998,   0.16465,  -0.53138
  -0.03060,   0.16490,  -0.53095
  -0.03122,   0.16515,  -0.53051
  -0.03184,   0.16540,  -0.53008
  -0.03246,   0.16564,  -0.52965
  -0.03309,   0.16589,  -0.52922
  -0.03371,   0.16613,  -0.52879
  -0.03433,   0.16638,  -0.52836
  -0.03496,   0.16662,  -0.52793
  -0.03558,   0.16686,  -0.52751
  -0.03621,   0.16710,  -0.52708
  -0.03683,   0.16734,  -0.52665
  -0.03746,   0.16757,  -0.52623
  -0.03808,   0.16781,  -0.52580
  -0.03871,   0.16805,  -0.52538
  -0.03934,   0.16828,  -0.52496
  -0.03996,   0.16851,  -0.52454
  -0.04059,   0.16874,  -0.52412
  -0.04122,   0.16897,  -0.52370
  -0.04185,   0.16920,  -0.52328
  -0.04247,   0.16943,  -0.52287
  -0.04310,   0.16966,  -0.52245
  -0.04373,   0.16988,  -0.52204
  -0.04436,   0.17011,  -0.52163
  -0.04498,   0.17033,  -0.52122
  -0.04561,   0.17055,  -0.52081
  -0.04623,   0.17077,  -0.52041
  -0.04686,   0.17099,  -0.52000
  -0.04749,   0.17121,  -0.51960
  -0.04811,   0.17142,  -0.51920
  -0.04873,   0.17164,  -0.51880
  -0.04936,   0.17185,  -0.51840
  -0.04998,   0.17206,  -0.51801
  -0.05060,   0.17227,  -0.51762
  -0.05122,   0.17248,  -0.51723
  -0.05185,   0.17268,  -0.51684
  -0.05247,   0.17289,  -0.51646
  -0.05308,   0.17309,  -0.51608
  -0.05370,   0.17329,  -0.51570
  -0.05432,   0.17349,  -0.51532
  -0.05493,   0.17369,  -0.51495
  -0.05555,   0.17389,  -0.51457
  -0.05616,   0.17408,  -0.51421
  -0.05677,   0.17428,  -0.51384
  -0.05738,   0.17447,  -0.51348
  -0.05799,   0.17466,  -0.51312
  -0.05860,   0.17485,  -0.51276
  -0.05921,   0.17503,  -0.51240
  -0.05981,   0.17522,  -0.51205
  -0.06041,   0.17540,  -0.51171
  -0.06102,   0.17558,  -0.51136
  -0.06162,   0.17576,  -0.51102
  -0.06221,   0.17594,  -0.51068
  -0.06281,   0.17611,  -0.51035
  -0.06340,   0.17628,  -0.51002
  -0.06399,   0.17645,  -0.50969
  -0.06458,   0.17662,  -0.50937
  -0.06517,   0.17679,  -0.50904
  -0.06576,   0.17696,  -0.50873
  -0.06634,   0.17712,  -0.50841
  -0.06692,   0.17728,  -0.50811
  -0.06750,   0.17744,  -0.50780
  -0.06807,   0.17759,  -0.50750
  -0.06865,   0.17775,  -0.50720
  -0.06922,   0.17790,  -0.50691
  -0.06979,   0.17805,  -0.50662
  -0.07035,   0.17820,  -0.50633
  -0.07091,   0.17834,  -0.50605
  -0.07147,   0.17849,  -0.50577
  -0.07203,   0.17863,  -0.50550
  -0.07258,   0.17877,  -0.50523
  -0.07313,   0.17890,  -0.50497
  -0.07368,   0.17903,  -0.50471
  -0.07423,   0.17917,  -0.50445
  -0.07477,   0.17929,  -0.50420
  -0.07530,   0.17942,  -0.50396
  -0.07584,   0.17954,  -0.50372
  -0.07637,   0.17967,  -0.50348
  -0.07690,   0.17978,  -0.50325
  -0.07742,   0.17990,  -0.50302
  -0.07794,   0.18001,  -0.50280
  -0.07846,   0.18012,  -0.50258
  -0.07897,   0.18023,  -0.50237
  -0.07948,   0.18034,  -0.50216
  -0.07999,   0.18044,  -0.50195
  -0.08049,   0.18054,  -0.50176
  -0.08099,   0.18064,  -0.50156
  -0.08148,   0.18073,  -0.50138
  -0.08197,   0.18082,  -0.50119
  -0.08245,   0.18091,  -0.50101
  -0.08293,   0.18100,  -0.50084
  -0.08341,   0.18108,  -0.50068
  -0.08388,   0.18116,  -0.50051
  -0.08435,   0.18123,  -0.50036
  -0.08481,   0.18131,  -0.50021
  -0.08527,   0.18138,  -0.50006
  -0.08572,   0.18145,  -0.49992
  -0.08617,   0.18151,  -0.49978
  -0.08662,   0.18157,  -0.49966
  -0.08706,   0.18163,  -0.49953
  -0.08749,   0.18169,  -0.49941
  -0.08792,   0.18174,  -0.49930
  -0.08834,   0.18179,  -0.49919
  -0.08876,   0.18183,  -0.49909
  -0.08918,   0.18187,  -0.49900
  -0.08959,   0.18191,  -0.49891
  -0.08999,   0.18195,  -0.49883
  -0.09039,   0.18198,  -0.49875
  -0.09078,   0.18201,  -0.49868
  -0.09117,   0.18203,  -0.49861
  -0.09155,   0.18205,  -0.49855
  -0.09192,   0.18207,  -0.49850
  -0.09229,   0.18208,  -0.49845
  -0.09266,   0.18209,  -0.49841
  -0.09302,   0.18210,  -0.49837
  -0.09337,   0.18210,  -0.49834
  -0.09371,   0.18210,  -0.49831
  -0.09405,   0.18210,  -0.49830
  -0.09439,   0.18209,  -0.49829
  -0.09472,   0.18208,  -0.49828
  -0.09504,   0.18206,  -0.49828
  -0.09535,   0.18204,  -0.49829
  -0.09566,   0.18202,  -0.49830
  -0.09597,   0.18199,  -0.49832
  -0.09626,   0.18196,  -0.49835
  -0.09655,   0.18192,  -0.49838
  -0.09684,   0.18188,  -0.49842
  -0.09711,   0.18184,  -0.49846
  -0.09738,   0.18179,  -0.49851
  -0.09765,   0.18174,  -0.49857
  -0.09790,   0.18168,  -0.49863
  -0.09815,   0.18162,  -0.49871
  -0.09839,   0.18156,  -0.49878
  -0.09863,   0.18149,  -0.49887
  -0.09886,   0.18142,  -0.49896
  -0.09908,   0.18134,  -0.49905
  -0.09929,   0.18126,  -0.49915
  -0.09950,   0.18117,  -0.49926
  -0.09970,   0.18108,  -0.49938
