# epsilon_xx, epsilon_yy, epsilon_xy
  -0.00000,  -0.00000,   0.00000
  -0.00106,  -0.00004,  -0.00007
  -0.00212,  -0.00007,  -0.00014
  -0.00317,  -0.00010,  -0.00023
  -0.00421,  -0.00012,  -0.00032
  -0.00525,  -0.00014,  -0.00042
  -0.00629,  -0.00016,  -0.00053
  -0.00732,  -0.00016,  -0.00065
  -0.00834,  -0.00017,  -0.00077
  -0.00936,  -0.00017,  -0.00090
  -0.01038,  -0.00016,  -0.00104
  -0.01139,  -0.00015,  -0.00119
  -0.01240,  -0.00014,  -0.00135
  -0.01340,  -0.00012,  -0.00151
  -0.01439,  -0.00010,  -0.00168
  -0.01538,  -0.00007,  -0.00186
  -0.01637,  -0.00003,  -0.00205
  -0.01735,   0.00000,  -0.00224
  -0.01832,   0.00005,  -0.00244
  -0.01929,   0.00009,  -0.00265
  -0.02026,   0.00014,  -0.00287
  -0.02122,   0.00020,  -0.00309
  -0.02218,   0.00026,  -0.00332
  -0.02313,   0.00032,  -0.00356
  -0.02408,   0.00039,  -0.00381
  -0.02502,   0.00046,  -0.00406
  -0.02596,   0.00053,  -0.00432
  -0.02689,   0.00061,  -0.00459
  -0.02782,   0.00070,  -0.00486
  -0.02874,   0.00079,  -0.00515
  -0.02966,   0.00088,  -0.00544
  -0.03057,   0.00097,  -0.00573
  -0.03148,   0.00107,  -0.00604
  -0.03238,   0.00118,  -0.00635
  -0.03328,   0.00128,  -0.00666
  -0.03417,   0.00139,  -0.00699
  -0.03506,   0.00151,  -0.00732
  -0.03595,   0.00163,  -0.00766
  -0.03683,   0.00175,  -0.00800
  -0.03770,   0.00187,  -0.00835
  -0.03858,   0.00200,  -0.00871
  -0.03944,   0.00214,  -0.00908
  -0.04030,   0.00227,  -0.00945
  -0.04116,   0.00241,  -0.00983
  -0.04201,   0.00255,  -0.01021
  -0.04286,   0.00270,  -0.01060
  -0.04370,   0.00285,  -0.01100
  -0.04454,   0.00300,  -0.01140
  -0.04538,   0.00316,  -0.01181
  -0.04621,   0.00332,  -0.01223
  -0.04703,   0.00348,  -0.01265
  -0.04785,   0.00364,  -0.01308
  -0.04867,   0.00381,  -0.01352
  -0.04948,   0.00398,  -0.01396
  -0.05029,   0.00415,  -0.01441
  -0.05109,   0.00433,  -0.01486
  -0.05189,   0.00451,  -0.01532
  -0.05268,   0.00469,  -0.01579
  -0.05347,   0.00488,  -0.01626
  -0.05426,   0.00506,  -0.01674
  -0.05504,   0.00525,  -0.01722
  -0.05581,   0.00544,  -0.01771
  -0.05658,   0.00564,  -0.01820
  -0.05735,   0.00584,  -0.01870
  -0.05811,   0.00604,  -0.01921
  -0.05887,   0.00624,  -0.01972
  -0.05963,   0.00644,  -0.02024
  -0.06038,   0.00665,  -0.02076
  -0.06112,   0.00686,  -0.02129
  -0.06186,   0.00707,  -0.02182
  -0.06260,   0.00728,  -0.02236
  -0.06333,   0.00750,  -0.02291
  -0.06406,   0.00772,  -0.02346
  -0.06478,   0.00793,  -0.02401
  -0.06550,   0.00816,  -0.02457
  -0.06622,   0.00838,  -0.02514
  -0.06693,   0.00860,  -0.02571
  -0.06764,   0.00883,  -0.02628
  -0.06834,   0.00906,  -0.02686
  -0.06904,   0.00929,  -0.02744
  -0.06973,   0.00952,  -0.02803
  -0.07042,   0.00975,  -0.02863
  -0.07111,   0.00999,  -0.02923
  -0.07179,   0.01022,  -0.02983
  -0.07246,   0.01046,  -0.03044
  -0.07314,   0.01070,  -0.03105
  -0.07381,   0.01094,  -0.03167
  -0.07447,   0.01118,  -0.03229
  -0.07513,   0.01143,  -0.03292
  -0.07579,   0.01167,  -0.03355
  -0.07644,   0.01192,  -0.03418
  -0.07709,   0.01216,  -0.03482
  -0.07773,   0.01241,  -0.03547
  -0.07837,   0.01266,  -0.03611
  -0.07901,   0.01291,  -0.03677
  -0.07964,   0.01316,  -0.03742
  -0.08027,   0.01341,  -0.03808
  -0.08089,   0.01366,  -0.03875
  -0.08151,   0.01392,  -0.03941
  -0.08213,   0.01417,  -0.04009
  -0.08274,   0.01443,  -0.04076
  -0.08334,   0.01468,  -0.04144
  -0.08395,   0.01494,  -0.04212
  -0.08455,   0.01519,  -0.04281
  -0.08514,   0.01545,  -0.04350
  -0.08573,   0.01571,  -0.04419
  -0.08632,   0.01596,  -0.04489
  -0.08690,   0.01622,  -0.04559
  -0.08748,   0.01648,  -0.04630
  -0.08806,   0.01674,  -0.04700
  -0.08863,   0.01700,  -0.04771
  -0.08919,   0.01726,  -0.04843
  -0.08976,   0.01752,  -0.04914
  -0.09032,   0.01777,  -0.04986
  -0.09087,   0.01803,  -0.05059
  -0.09142,   0.01829,  -0.05131
  -0.09197,   0.01855,  -0.05204
  -0.09251,   0.01881,  -0.05277
  -0.09305,   0.01907,  -0.05351
  -0.09359,   0.01933,  -0.05425
  -0.09412,   0.01959,  -0.05499
  -0.09465,   0.01984,  -0.05573
  -0.09517,   0.02010,  -0.05648
  -0.09569,   0.02036,  -0.05722
  -0.09620,   0.02062,  -0.05797
  -0.09672,   0.02087,  -0.05873
  -0.09722,   0.02113,  -0.05948
  -0.09773,   0.02138,  -0.06024
  -0.09823,   0.02164,  -0.06100
  -0.09872,   0.02189,  -0.06176
  -0.09922,   0.02215,  -0.06253
  -0.09970,   0.02240,  -0.06330
  -0.10019,   0.02265,  -0.06407
  -0.10067,   0.02290,  -0.06484
  -0.10114,   0.02315,  -0.06561
  -0.10162,   0.02340,  -0.06638
  -0.10209,   0.02365,  -0.06716
  -0.10255,   0.02390,  -0.06794
  -0.10301,   0.02414,  -0.06872
  -0.10347,   0.02439,  -0.06950
  -0.10392,   0.02464,  -0.07029
  -0.10437,   0.02488,  -0.07107
  -0.10482,   0.02512,  -0.07186
  -0.10526,   0.02536,  -0.07265
  -0.10570,   0.02560,  -0.07344
  -0.10613,   0.02584,  -0.07423
  -0.10656,   0.02608,  -0.07502
  -0.10699,   0.02631,  -0.07582
  -0.10741,   0.02655,  -0.07661
  -0.10783,   0.02678,  -0.07741
  -0.10824,   0.02701,  -0.07821
  -0.10865,   0.02724,  -0.07901
  -0.10906,   0.02747,  -0.07981
  -0.10946,   0.02770,  -0.08061
  -0.10986,   0.02792,  -0.08141
  -0.11025,   0.02815,  -0.08221
  -0.11065,   0.02837,  -0.08302
  -0.11103,   0.02859,  -0.08382
  -0.11142,   0.02881,  -0.08463
  -0.11180,   0.02902,  -0.08543
  -0.11217,   0.02924,  -0.08624
  -0.11254,   0.02945,  -0.08705
  -0.11291,   0.02966,  -0.08785
  -0.11328,   0.02987,  -0.08866
  -0.11364,   0.03008,  -0.08947
  -0.11399,   0.03028,  -0.09028
  -0.11435,   0.03049,  -0.09109
  -0.11470,   0.03069,  -0.09190
  -0.11504,   0.03089,  -0.09271
  -0.11538,   0.03108,  -0.09352
  -0.11572,   0.03128,  -0.09433
  -0.11605,   0.03147,  -0.09514
  -0.11638,   0.03166,  -0.09595
  -0.11671,   0.03185,  -0.09676
  -0.11703,   0.03203,  -0.09757
  -0.11735,   0.03222,  -0.09838
  -0.11766,   0.03240,  -0.09919
  -0.11797,   0.03258,  -0.10000
  -0.11828,   0.03276,  -0.10081
  -0.11858,   0.03293,  -0.10162
  -0.11888,   0.03310,  -0.10243
  -0.11918,   0.03327,  -0.10324
  -0.11947,   0.03344,  -0.10405
  -0.11975,   0.03360,  -0.10486
  -0.12004,   0.03376,  -0.10567
  -0.12032,   0.03392,  -0.10647
  -0.12059,   0.03408,  -0.10728
  -0.12086,   0.03423,  -0.10809
  -0.12113,   0.03438,  -0.10889
  -0.12139,   0.03453,  -0.10970
  -0.12165,   0.03468,  -0.11050
  -0.12191,   0.03482,  -0.11130
  -0.12216,   0.03496,  -0.11211
  -0.12241,   0.03510,  -0.11291
  -0.12266,   0.03524,  -0.11371
  -0.12290,   0.03537,  -0.11451
  -0.12313,   0.03550,  -0.11531
  -0.12336,   0.03562,  -0.11610
  -0.12359,   0.03575,  -0.11690
  -0.12382,   0.03587,  -0.11769
  -0.12404,   0.03599,  -0.11849
  -0.12426,   0.03610,  -0.11928
  -0.12447,   0.03621,  -0.12007
  -0.12468,   0.03632,  -0.12086
  -0.12488,   0.03643,  -0.12165
  -0.12509,   0.03653,  -0.12244
  -0.12528,   0.03663,  -0.12322
  -0.12548,   0.03673,  -0.12401
  -0.12567,   0.03683,  -0.12479
  -0.12585,   0.03692,  -0.12557
  -0.12603,   0.03700,  -0.12635
  -0.12621,   0.03709,  -0.12713
  -0.12638,   0.03717,  -0.12791
  -0.12655,   0.03725,  -0.12868
  -0.12672,   0.03733,  -0.12945
  -0.12688,   0.03740,  -0.13023
  -0.12704,   0.03747,  -0.13099
  -0.12719,   0.03754,  -0.13176
  -0.12734,   0.03760,  -0.13253
  -0.12749,   0.03766,  -0.13329
  -0.12763,   0.03772,  -0.13405
  -0.12777,   0.03777,  -0.13481
  -0.12790,   0.03782,  -0.13557
  -0.12803,   0.03787,  -0.13633
  -0.12816,   0.03791,  -0.13708
  -0.12828,   0.03795,  -0.13783
  -0.12840,   0.03799,  -0.13858
  -0.12851,   0.03802,  -0.13933
  -0.12862,   0.03806,  -0.14007
  -0.12873,   0.03808,  -0.14081
  -0.12883,   0.03811,  -0.14155
  -0.12893,   0.03813,  -0.14229
  -0.12902,   0.03815,  -0.14303
  -0.12911,   0.03816,  -0.14376
  -0.12920,   0.03817,  -0.14449
  -0.12928,   0.03818,  -0.14522
  -0.12936,   0.03819,  -0.14594
  -0.12944,   0.03819,  -0.14666
  -0.12951,   0.03819,  -0.14738
  -0.12957,   0.03818,  -0.14810
  -0.12963,   0.03817,  -0.14882
  -0.12969,   0.03816,  -0.14953
  -0.12975,   0.03815,  -0.15024
  -0.12979,   0.03813,  -0.15095
  -0.12984,   0.03810,  -0.15165
  -0.12988,   0.03808,  -0.15235
  -0.12992,   0.03805,  -0.15305
  -0.12995,   0.03802,  -0.15375
  -0.12998,   0.03798,  -0.15444
  -0.13001,   0.03795,  -0.15513
  -0.13003,   0.03790,  -0.15582
  -0.13005,   0.03786,  -0.15650
  -0.13006,   0.03781,  -0.15718
  -0.13007,   0.03776,  -0.15786
  -0.13008,   0.03770,  -0.15854
  -0.13008,   0.03765,  -0.15921
  -0.13007,   0.03758,  -0.15988
  -0.13007,   0.03752,  -0.16054
  -0.13006,   0.03745,  -0.16121
  -0.13004,   0.03738,  -0.16186
  -0.13002,   0.03730,  -0.16252
  -0.13000,   0.03723,  -0.16317
  -0.12997,   0.03714,  -0.16382
  -0.12994,   0.03706,  -0.16447
  -0.12990,   0.03697,  -0.16512
  -0.12986,   0.03688,  -0.16576
  -0.12982,   0.03679,  -0.16639
  -0.12977,   0.03669,  -0.16703
  -0.12972,   0.03659,  -0.16766
  -0.12966,   0.03648,  -0.16828
  -0.12960,   0.03637,  -0.16891
  -0.12954,   0.03626,  -0.16953
  -0.12947,   0.03615,  -0.17014
  -0.12940,   0.03603,  -0.17076
  -0.12932,   0.03591,  -0.17137
  -0.12924,   0.03579,  -0.17197
  -0.12916,   0.03566,  -0.17258
  -0.12907,   0.03553,  -0.17318
  -0.12898,   0.03540,  -0.17377
  -0.12888,   0.03526,  -0.17437
  -0.12878,   0.03512,  -0.17495
  -0.12867,   0.03498,  -0.17554
  -0.12856,   0.03483,  -0.17612
  -0.12845,   0.03468,  -0.17670
  -0.12833,   0.03453,  -0.17727
  -0.12821,   0.03438,  -0.17784
  -0.12808,   0.03422,  -0.17841
  -0.12795,   0.03406,  -0.17897
  -0.12782,   0.03389,  -0.17953
  -0.12768,   0.03373,  -0.18009
  -0.12754,   0.03356,  -0.18064
  -0.12739,   0.03338,  -0.18119
  -0.12724,   0.03321,  -0.18174
  -0.12709,   0.03303,  -0.18228
  -0.12693,   0.03285,  -0.18281
  -0.12677,   0.03266,  -0.18335
  -0.12660,   0.03247,  -0.18388
  -0.12643,   0.03228,  -0.18440
  -0.12626,   0.03209,  -0.18492
  -0.12608,   0.03189,  -0.18544
  -0.12590,   0.03169,  -0.18596
  -0.12571,   0.03149,  -0.18647
  -0.12552,   0.03128,  -0.18697
  -0.12532,   0.03108,  -0.18748
  -0.12512,   0.03086,  -0.18798
  -0.12492,   0.03065,  -0.18847
  -0.12471,   0.03044,  -0.18896
  -0.12450,   0.03022,  -0.18945
  -0.12429,   0.02999,  -0.18993
  -0.12407,   0.02977,  -0.19041
  -0.12384,   0.02954,  -0.19089
  -0.12362,   0.02931,  -0.19136
  -0.12338,   0.02908,  -0.19183
  -0.12315,   0.02885,  -0.19229
  -0.12291,   0.02861,  -0.19275
  -0.12267,   0.02837,  -0.19321
  -0.12242,   0.02812,  -0.19366
  -0.12217,   0.02788,  -0.19411
  -0.12191,   0.02763,  -0.19455
  -0.12165,   0.02738,  -0.19499
  -0.12139,   0.02713,  -0.19543
  -0.12112,   0.02687,  -0.19586
  -0.12085,   0.02662,  -0.19629
  -0.12057,   0.02636,  -0.19671
  -0.12029,   0.02609,  -0.19713
  -0.12001,   0.02583,  -0.19755
  -0.11972,   0.02556,  -0.19796
  -0.11943,   0.02529,  -0.19837
  -0.11914,   0.02502,  -0.19877
  -0.11884,   0.02475,  -0.19917
  -0.11853,   0.02447,  -0.19957
  -0.11823,   0.02419,  -0.19996
  -0.11792,   0.02391,  -0.20035
  -0.11760,   0.02363,  -0.20073
  -0.11728,   0.02334,  -0.20111
  -0.11696,   0.02306,  -0.20149
  -0.11663,   0.02277,  -0.20186
  -0.11630,   0.02248,  -0.20223
  -0.11597,   0.02218,  -0.20259
  -0.11563,   0.02189,  -0.20295
  -0.11529,   0.02159,  -0.20331
  -0.11495,   0.02129,  -0.20366
  -0.11460,   0.02099,  -0.20401
  -0.11424,   0.02069,  -0.20435
  -0.11389,   0.02038,  -0.20469
  -0.11352,   0.02007,  -0.20503
  -0.11316,   0.01976,  -0.20536
  -0.11279,   0.01945,  -0.20569
  -0.11242,   0.01914,  -0.20601
  -0.11204,   0.01883,  -0.20633
  -0.11166,   0.01851,  -0.20665
  -0.11128,   0.01819,  -0.20696
  -0.11089,   0.01787,  -0.20727
  -0.11050,   0.01755,  -0.20757
  -0.11011,   0.01723,  -0.20787
  -0.10971,   0.01691,  -0.20817
  -0.10931,   0.01658,  -0.20846
  -0.10890,   0.01625,  -0.20875
  -0.10850,   0.01592,  -0.20904
  -0.10808,   0.01559,  -0.20932
  -0.10767,   0.01526,  -0.20959
  -0.10725,   0.01493,  -0.20987
  -0.10682,   0.01459,  -0.21014
  -0.10640,   0.01426,  -0.21040
  -0.10597,   0.01392,  -0.21066
  -0.10553,   0.01358,  -0.21092
  -0.10509,   0.01324,  -0.21117
  -0.10465,   0.01290,  -0.21142
  -0.10421,   0.01255,  -0.21167
  -0.10376,   0.01221,  -0.21191
  -0.10331,   0.01186,  -0.21215
  -0.10285,   0.01152,  -0.21239
  -0.10240,   0.01117,  -0.21262
  -0.10193,   0.01082,  -0.21284
  -0.10147,   0.01047,  -0.21307
  -0.10100,   0.01012,  -0.21329
  -0.10053,   0.00977,  -0.21350
  -0.10005,   0.00941,  -0.21371
  -0.09958,   0.00906,  -0.21392
  -0.09909,   0.00870,  -0.21412
  -0.09861,   0.00835,  -0.21433
  -0.09812,   0.00799,  -0.21452
  -0.09763,   0.00763,  -0.21472
  -0.09713,   0.00727,  -0.21490
  -0.09663,   0.00691,  -0.21509
  -0.09613,   0.00655,  -0.21527
  -0.09563,   0.00619,  -0.21545
  -0.09512,   0.00583,  -0.21563
  -0.09461,   0.00547,  -0.21580
  -0.09410,   0.00510,  -0.21597
  -0.09358,   0.00474,  -0.21613
  -0.09306,   0.00437,  -0.21629
  -0.09254,   0.00401,  -0.21645
  -0.09201,   0.00364,  -0.21660
  -0.09148,   0.00327,  -0.21675
  -0.09095,   0.00291,  -0.21690
  -0.09041,   0.00254,  -0.21704
  -0.08987,   0.00217,  -0.21718
  -0.08933,   0.00180,  -0.21731
  -0.08879,   0.00143,  -0.21745
  -0.08824,   0.00106,  -0.21757
  -0.08769,   0.00069,  -0.21770
  -0.08714,   0.00032,  -0.21782
  -0.08658,  -0.00005,  -0.21794
  -0.08602,  -0.00042,  -0.21806
  -0.08546,  -0.00079,  -0.21817
  -0.08490,  -0.00116,  -0.21828
  -0.08433,  -0.00153,  -0.21838
  -0.08376,  -0.00190,  -0.21848
  -0.08319,  -0.00228,  -0.21858
  -0.08261,  -0.00265,  -0.21868
  -0.08204,  -0.00302,  -0.21877
  -0.08146,  -0.00339,  -0.21886
  -0.08087,  -0.00377,  -0.21894
  -0.08029,  -0.00414,  -0.21903
  -0.07970,  -0.00451,  -0.21910
  -0.07911,  -0.00488,  -0.21918
  -0.07852,  -0.00526,  -0.21925
  -0.07792,  -0.00563,  -0.21932
  -0.07732,  -0.00600,  -0.21939
  -0.07672,  -0.00637,  -0.21945
  -0.07612,  -0.00674,  -0.21951
  -0.07551,  -0.00712,  -0.21957
  -0.07491,  -0.00749,  -0.21962
  -0.07430,  -0.00786,  -0.21967
  -0.07368,  -0.00823,  -0.21972
  -0.07307,  -0.00860,  -0.21977
  -0.07245,  -0.00897,  -0.21981
  -0.07183,  -0.00934,  -0.21985
  -0.07121,  -0.00971,  -0.21988
  -0.07059,  -0.01008,  -0.21992
  -0.06996,  -0.01045,  -0.21995
  -0.06934,  -0.01082,  -0.21997
  -0.06871,  -0.01119,  -0.22000
  -0.06807,  -0.01156,  -0.22002
  -0.06744,  -0.01193,  -0.22004
  -0.06680,  -0.01229,  -0.22006
  -0.06617,  -0.01266,  -0.22007
  -0.06553,  -0.01303,  -0.22008
  -0.06488,  -0.01339,  -0.22009
  -0.06424,  -0.01376,  -0.22009
  -0.06360,  -0.01412,  -0.22009
  -0.06295,  -0.01449,  -0.22009
  -0.06230,  -0.01485,  -0.22009
  -0.06165,  -0.01521,  -0.22008
  -0.06100,  -0.01557,  -0.22008
  -0.06034,  -0.01593,  -0.22007
  -0.05968,  -0.01629,  -0.22005
  -0.05903,  -0.01665,  -0.22004
  -0.05837,  -0.01701,  -0.22002
  -0.05771,  -0.01737,  -0.22000
  -0.05704,  -0.01773,  -0.21997
  -0.05638,  -0.01808,  -0.21995
  -0.05571,  -0.01844,  -0.21992
  -0.05505,  -0.01879,  -0.21989
  -0.05438,  -0.01915,  -0.21985
  -0.05371,  -0.01950,  -0.21982
  -0.05304,  -0.01985,  -0.21978
  -0.05236,  -0.02020,  -0.21974
  -0.05169,  -0.02055,  -0.21970
  -0.05101,  -0.02090,  -0.21965
  -0.05034,  -0.02125,  -0.21960
  -0.04966,  -0.02160,  -0.21955
  -0.04898,  -0.02194,  -0.21950
  -0.04830,  -0.02229,  -0.21945
  -0.04762,  -0.02263,  -0.21939
  -0.04693,  -0.02297,  -0.21933
  -0.04625,  -0.02332,  -0.21927
  -0.04557,  -0.02366,  -0.21921
  -0.04488,  -0.02399,  -0.21915
  -0.04419,  -0.02433,  -0.21908
  -0.04350,  -0.02467,  -0.21901
  -0.04282,  -0.02500,  -0.21894
  -0.04213,  -0.02534,  -0.21887
  -0.04144,  -0.02567,  -0.21879
  -0.04074,  -0.02600,  -0.21872
  -0.04005,  -0.02633,  -0.21864
  -0.03936,  -0.02666,  -0.21856
  -0.03867,  -0.02699,  -0.21848
  -0.03797,  -0.02732,  -0.21839
  -0.03728,  -0.02764,  -0.21831
  -0.03658,  -0.02796,  -0.21822
  -0.03589,  -0.02829,  -0.21813
  -0.03519,  -0.02861,  -0.21804
  -0.03449,  -0.02893,  -0.21794
  -0.03379,  -0.02924,  -0.21785
  -0.03310,  -0.02956,  -0.21775
  -0.03240,  -0.02988,  -0.21765
  -0.03170,  -0.03019,  -0.21755
  -0.03100,  -0.03050,  -0.21745
  -0.03030,  -0.03081,  -0.21735
  -0.02960,  -0.03112,  -0.21724
  -0.02890,  -0.03143,  -0.21714
  -0.02820,  -0.03174,  -0.21703
  -0.02750,  -0.03204,  -0.21692
  -0.02680,  -0.03234,  -0.21681
  -0.02610,  -0.03264,  -0.21670
  -0.02539,  -0.03294,  -0.21659
  -0.02469,  -0.03324,  -0.21647
  -0.02399,  -0.03354,  -0.21635
  -0.02329,  -0.03383,  -0.21624
  -0.02259,  -0.03413,  -0.21612
  -0.02189,  -0.03442,  -0.21600
  -0.02119,  -0.03471,  -0.21588
  -0.02049,  -0.03500,  -0.21575
  -0.01979,  -0.03528,  -0.21563
  -0.01909,  -0.03557,  -0.21550
  -0.01839,  -0.03585,  -0.21538
  -0.01769,  -0.03613,  -0.21525
  -0.01699,  -0.03641,  -0.21512
  -0.01629,  -0.03669,  -0.21499
  -0.01559,  -0.03696,  -0.21486
  -0.01489,  -0.03724,  -0.21473
  -0.01420,  -0.03751,  -0.21460
  -0.01350,  -0.03778,  -0.21446
  -0.01280,  -0.03805,  -0.21433
  -0.01211,  -0.03832,  -0.21419
  -0.01141,  -0.03858,  -0.21406
  -0.01072,  -0.03885,  -0.21392
  -0.01002,  -0.03911,  -0.21378
  -0.00933,  -0.03937,  -0.21364
  -0.00863,  -0.03963,  -0.21350
  -0.00794,  -0.03988,  -0.21336
  -0.00725,  -0.04014,  -0.21322
  -0.00656,  -0.04039,  -0.21308
  -0.00587,  -0.04064,  -0.21293
  -0.00518,  -0.04089,  -0.21279
  -0.00450,  -0.04113,  -0.21265
  -0.00381,  -0.04138,  -0.21250
  -0.00312,  -0.04162,  -0.21235
  -0.00244,  -0.04186,  -0.21221
  -0.00176,  -0.04210,  -0.21206
  -0.00107,  -0.04234,  -0.21191
  -0.00039,  -0.04257,  -0.21177
   0.00029,  -0.04281,  -0.21162
   0.00097,  -0.04304,  -0.21147
   0.00164,  -0.04327,  -0.21132
   0.00232,  -0.04350,  -0.21117
   0.00299,  -0.04372,  -0.21102
   0.00367,  -0.04394,  -0.21087
   0.00434,  -0.04417,  -0.21072
   0.00501,  -0.04439,  -0.21057
   0.00568,  -0.04460,  -0.21041
   0.00635,  -0.04482,  -0.21026
   0.00701,  -0.04503,  -0.21011
   0.00768,  -0.04524,  -0.20996
   0.00834,  -0.04545,  -0.20981
   0.00900,  -0.04566,  -0.20965
   0.00966,  -0.04587,  -0.20950
   0.01032,  -0.04607,  -0.20935
   0.01098,  -0.04627,  -0.20919
   0.01163,  -0.04647,  -0.20904
   0.01228,  -0.04667,  -0.20889
   0.01293,  -0.04686,  -0.20874
   0.01358,  -0.04706,  -0.20858
   0.01423,  -0.04725,  -0.20843
   0.01488,  -0.04744,  -0.20828
   0.01552,  -0.04763,  -0.20812
   0.01616,  -0.04781,  -0.20797
   0.01680,  -0.04800,  -0.20782
   0.01744,  -0.04818,  -0.20767
   0.01807,  -0.04836,  -0.20751
   0.01870,  -0.04853,  -0.20736
   0.01934,  -0.04871,  -0.20721
   0.01996,  -0.04888,  -0.20706
   0.02059,  -0.04905,  -0.20691
   0.02121,  -0.04922,  -0.20675
   0.02184,  -0.04939,  -0.20660
   0.02246,  -0.04955,  -0.20645
   0.02307,  -0.04972,  -0.20630
   0.02369,  -0.04988,  -0.20615
   0.02430,  -0.05004,  -0.20601
   0.02491,  -0.05019,  -0.20586
   0.02552,  -0.05035,  -0.20571
   0.02612,  -0.05050,  -0.20556
   0.02673,  -0.05065,  -0.20541
   0.02733,  -0.05080,  -0.20527
   0.02792,  -0.05095,  -0.20512
   0.02852,  -0.05109,  -0.20498
   0.02911,  -0.05124,  -0.20483
   0.02970,  -0.05138,  -0.20469
   0.03029,  -0.05151,  -0.20455
   0.03087,  -0.05165,  -0.20440
   0.03145,  -0.05179,  -0.20426
   0.03203,  -0.05192,  -0.20412
   0.03261,  -0.05205,  -0.20398
   0.03318,  -0.05218,  -0.20384
   0.03375,  -0.05230,  -0.20370
   0.03432,  -0.05243,  -0.20357
   0.03488,  -0.05255,  -0.20343
   0.03544,  -0.05267,  -0.20329
   0.03600,  -0.05279,  -0.20316
   0.03655,  -0.05291,  -0.20302
   0.03711,  -0.05302,  -0.20289
   0.03765,  -0.05313,  -0.20276
   0.03820,  -0.05324,  -0.20263
   0.03874,  -0.05335,  -0.20250
   0.03928,  -0.05346,  -0.20237
   0.03982,  -0.05356,  -0.20224
   0.04035,  -0.05367,  -0.20212
   0.04088,  -0.05377,  -0.20199
   0.04141,  -0.05387,  -0.20187
   0.04193,  -0.05396,  -0.20175
   0.04245,  -0.05406,  -0.20162
   0.04297,  -0.05415,  -0.20150
   0.04348,  -0.05424,  -0.20139
   0.04399,  -0.05433,  -0.20127
   0.04450,  -0.05442,  -0.20115
   0.04500,  -0.05450,  -0.20104
   0.04550,  -0.05459,  -0.20092
   0.04599,  -0.05467,  -0.20081
   0.04649,  -0.05475,  -0.20070
   0.04697,  -0.05483,  -0.20059
   0.04746,  -0.05490,  -0.20049
   0.04794,  -0.05498,  -0.20038
   0.04842,  -0.05505,  -0.20028
   0.04889,  -0.05512,  -0.20017
   0.04936,  -0.05519,  -0.20007
   0.04983,  -0.05525,  -0.19997
   0.05029,  -0.05532,  -0.19988
   0.05075,  -0.05538,  -0.19978
   0.05121,  -0.05544,  -0.19968
   0.05166,  -0.05550,  -0.19959
   0.05211,  -0.05556,  -0.19950
   0.05255,  -0.05561,  -0.19941
   0.05299,  -0.05567,  -0.19933
   0.05343,  -0.05572,  -0.19924
   0.05386,  -0.05577,  -0.19916
   0.05429,  -0.05582,  -0.19907
   0.05472,  -0.05586,  -0.19899
   0.05514,  -0.05591,  -0.19892
   0.05555,  -0.05595,  -0.19884
   0.05597,  -0.05599,  -0.19877
   0.05637,  -0.05603,  -0.19870
   0.05678,  -0.05607,  -0.19863
   0.05718,  -0.05611,  -0.19856
   0.05758,  -0.05614,  -0.19849
   0.05797,  -0.05617,  -0.19843
   0.05836,  -0.05620,  -0.19837
   0.05874,  -0.05623,  -0.19831
   0.05912,  -0.05626,  -0.19825
   0.05950,  -0.05629,  -0.19820
   0.05987,  -0.05631,  -0.19814
   0.06023,  -0.05633,  -0.19809
   0.06060,  -0.05636,  -0.19805
   0.06096,  -0.05637,  -0.19800
   0.06131,  -0.05639,  -0.19796
   0.06166,  -0.05641,  -0.19792
   0.06201,  -0.05642,  -0.19788
   0.06235,  -0.05644,  -0.19784
   0.06269,  -0.05645,  -0.19781
   0.06302,  -0.05646,  -0.19778
   0.06335,  -0.05647,  -0.19775
   0.06367,  -0.05647,  -0.19772
   0.06399,  -0.05648,  -0.19770
   0.06431,  -0.05648,  -0.19768
   0.06462,  -0.05648,  -0.19766
   0.06492,  -0.05648,  -0.19764
   0.06522,  -0.05648,  -0.19763
   0.06552,  -0.05648,  -0.19762
   0.06581,  -0.05648,  -0.19761
   0.06610,  -0.05647,  -0.19761
   0.06639,  -0.05647,  -0.19761
   0.06667,  -0.05646,  -0.19761
   0.06694,  -0.05645,  -0.19761
   0.06721,  -0.05644,  -0.19762
   0.06748,  -0.05643,  -0.19762
   0.06774,  -0.05641,  -0.19764
   0.06799,  -0.05640,  -0.19765
   0.06824,  -0.05638,  -0.19767
   0.06849,  -0.05636,  -0.19769
   0.06873,  -0.05634,  -0.19771
   0.06897,  -0.05632,  -0.19774
   0.06920,  -0.05630,  -0.19777
   0.06943,  -0.05628,  -0.19780
   0.06966,  -0.05625,  -0.19784
   0.06988,  -0.05623,  -0.19788
   0.07009,  -0.05620,  -0.19792
   0.07030,  -0.05617,  -0.19796
   0.07050,  -0.05615,  -0.19801
   0.07070,  -0.05612,  -0.19806
   0.07090,  -0.05608,  -0.19812
   0.07109,  -0.05605,  -0.19817
   0.07127,  -0.05602,  -0.19824
   0.07146,  -0.05598,  -0.19830
   0.07163,  -0.05595,  -0.19837
   0.07180,  -0.05591,  -0.19844
   0.07197,  -0.05587,  -0.19851
   0.07213,  -0.05583,  -0.19859
   0.07229,  -0.05579,  -0.19867
   0.07244,  -0.05575,  -0.19876
   0.07259,  -0.05571,  -0.19885
   0.07273,  -0.05566,  -0.19894
   0.07287,  -0.05562,  -0.19903
   0.07300,  -0.05557,  -0.19913
   0.07313,  -0.05552,  -0.19923
   0.07325,  -0.05548,  -0.19934
   0.07337,  -0.05543,  -0.19945
   0.07348,  -0.05538,  -0.19956
   0.07359,  -0.05533,  -0.19968
   0.07369,  -0.05528,  -0.19980
   0.07379,  -0.05522,  -0.19992
   0.07388,  -0.05517,  -0.20005
   0.07397,  -0.05512,  -0.20018
   0.07405,  -0.05506,  -0.20032
   0.07413,  -0.05500,  -0.20046
   0.07420,  -0.05495,  -0.20060
   0.07427,  -0.05489,  -0.20075
   0.07434,  -0.05483,  -0.20090
   0.07440,  -0.05477,  -0.20105
   0.07445,  -0.05471,  -0.20121
   0.07450,  -0.05465,  -0.20137
   0.07454,  -0.05459,  -0.20154
   0.07458,  -0.05453,  -0.20171
   0.07461,  -0.05447,  -0.20189
   0.07464,  -0.05440,  -0.20206
   0.07467,  -0.05434,  -0.20225
   0.07469,  -0.05427,  -0.20243
   0.07470,  -0.05421,  -0.20262
   0.07471,  -0.05414,  -0.20282
   0.07471,  -0.05408,  -0.20302
   0.07471,  -0.05401,  -0.20322
   0.07471,  -0.05394,  -0.20343
   0.07469,  -0.05387,  -0.20364
   0.07468,  -0.05381,  -0.20386
   0.07466,  -0.05374,  -0.20408
   0.07463,  -0.05367,  -0.20430
   0.07460,  -0.05360,  -0.20453
   0.07456,  -0.05353,  -0.20476
   0.07452,  -0.05346,  -0.20500
   0.07448,  -0.05339,  -0.20524
   0.07443,  -0.05331,  -0.20549
   0.07437,  -0.05324,  -0.20574
   0.07431,  -0.05317,  -0.20600
   0.07424,  -0.05310,  -0.20626
   0.07417,  -0.05302,  -0.20652
   0.07410,  -0.05295,  -0.20679
   0.07402,  -0.05288,  -0.20706
   0.07393,  -0.05280,  -0.20734
   0.07384,  -0.05273,  -0.20762
   0.07374,  -0.05266,  -0.20791
   0.07364,  -0.05258,  -0.20820
   0.07354,  -0.05251,  -0.20850
   0.07343,  -0.05243,  -0.20880
   0.07331,  -0.05236,  -0.20910
   0.07319,  -0.05229,  -0.20941
   0.07306,  -0.05221,  -0.20973
   0.07293,  -0.05214,  -0.21005
   0.07280,  -0.05206,  -0.21037
   0.07266,  -0.05199,  -0.21070
   0.07251,  -0.05191,  -0.21104
   0.07236,  -0.05184,  -0.21138
   0.07221,  -0.05176,  -0.21172
   0.07205,  -0.05169,  -0.21207
   0.07188,  -0.05161,  -0.21242
   0.07171,  -0.05154,  -0.21278
   0.07154,  -0.05147,  -0.21315
   0.07136,  -0.05139,  -0.21352
   0.07117,  -0.05132,  -0.21389
   0.07098,  -0.05125,  -0.21427
   0.07079,  -0.05117,  -0.21465
   0.07059,  -0.05110,  -0.21504
   0.07038,  -0.05103,  -0.21543
   0.07017,  -0.05096,  -0.21583
   0.06996,  -0.05088,  -0.21624
   0.06974,  -0.05081,  -0.21665
   0.06951,  -0.05074,  -0.21706
   0.06929,  -0.05067,  -0.21748
   0.06905,  -0.05060,  -0.21791
   0.06881,  -0.05053,  -0.21834
   0.06857,  -0.05046,  -0.21877
   0.06832,  -0.05039,  -0.21921
   0.06807,  -0.05032,  -0.21966
   0.06781,  -0.05026,  -0.22011
   0.06755,  -0.05019,  -0.22056
   0.06728,  -0.05012,  -0.22103
   0.06701,  -0.05006,  -0.22149
   0.06673,  -0.04999,  -0.22197
   0.06645,  -0.04993,  -0.22244
   0.06616,  -0.04987,  -0.22293
   0.06587,  -0.04980,  -0.22342
   0.06558,  -0.04974,  -0.22391
   0.06527,  -0.04968,  -0.22441
   0.06497,  -0.04962,  -0.22491
   0.06466,  -0.04956,  -0.22542
   0.06434,  -0.04950,  -0.22594
   0.06402,  -0.04944,  -0.22646
   0.06370,  -0.04939,  -0.22699
   0.06337,  -0.04933,  -0.22752
   0.06304,  -0.04928,  -0.22806
   0.06270,  -0.04922,  -0.22860
   0.06235,  -0.04917,  -0.22915
   0.06201,  -0.04912,  -0.22971
   0.06165,  -0.04907,  -0.23027
   0.06130,  -0.04902,  -0.23084
   0.06094,  -0.04897,  -0.23141
   0.06057,  -0.04893,  -0.23199
   0.06020,  -0.04888,  -0.23257
   0.05982,  -0.04884,  -0.23316
   0.05944,  -0.04879,  -0.23375
   0.05906,  -0.04875,  -0.23435
   0.05867,  -0.04871,  -0.23496
   0.05827,  -0.04867,  -0.23557
   0.05788,  -0.04864,  -0.23619
   0.05747,  -0.04860,  -0.23682
   0.05706,  -0.04856,  -0.23745
   0.05665,  -0.04853,  -0.23808
   0.05624,  -0.04850,  -0.23872
   0.05582,  -0.04847,  -0.23937
   0.05539,  -0.04844,  -0.24002
   0.05496,  -0.04842,  -0.24068
   0.05453,  -0.04839,  -0.24135
   0.05409,  -0.04837,  -0.24202
   0.05364,  -0.04835,  -0.24270
   0.05320,  -0.04833,  -0.24338
   0.05274,  -0.04831,  -0.24407
   0.05229,  -0.04829,  -0.24476
   0.05183,  -0.04828,  -0.24546
   0.05136,  -0.04827,  -0.24617
   0.05089,  -0.04826,  -0.24688
   0.05042,  -0.04825,  -0.24760
   0.04994,  -0.04824,  -0.24833
   0.04946,  -0.04824,  -0.24906
   0.04897,  -0.04824,  -0.24980
   0.04848,  -0.04824,  -0.25054
   0.04798,  -0.04824,  -0.25129
   0.04748,  -0.04824,  -0.25205
   0.04698,  -0.04825,  -0.25281
   0.04647,  -0.04826,  -0.25358
   0.04596,  -0.04827,  -0.25435
   0.04544,  -0.04828,  -0.25513
   0.04492,  -0.04830,  -0.25592
   0.04439,  -0.04832,  -0.25671
   0.04386,  -0.04834,  -0.25751
   0.04333,  -0.04836,  -0.25831
   0.04279,  -0.04839,  -0.25912
   0.04225,  -0.04842,  -0.25994
   0.04170,  -0.04845,  -0.26076
   0.04115,  -0.04848,  -0.26159
   0.04060,  -0.04852,  -0.26243
   0.04004,  -0.04856,  -0.26327
   0.03948,  -0.04860,  -0.26412
   0.03891,  -0.04864,  -0.26498
   0.03834,  -0.04869,  -0.26584
   0.03777,  -0.04874,  -0.26670
   0.03719,  -0.04879,  -0.26758
   0.03661,  -0.04885,  -0.26846
   0.03602,  -0.04891,  -0.26934
   0.03543,  -0.04897,  -0.27024
   0.03483,  -0.04903,  -0.27114
   0.03424,  -0.04910,  -0.27204
   0.03363,  -0.04917,  -0.27295
   0.03303,  -0.04925,  -0.27387
   0.03242,  -0.04933,  -0.27480
   0.03180,  -0.04941,  -0.27573
   0.03118,  -0.04949,  -0.27666
   0.03056,  -0.04958,  -0.27761
   0.02994,  -0.04967,  -0.27856
   0.02931,  -0.04976,  -0.27951
   0.02867,  -0.04986,  -0.28047
   0.02803,  -0.04996,  -0.28144
   0.02739,  -0.05007,  -0.28242
   0.02675,  -0.05018,  -0.28340
   0.02610,  -0.05029,  -0.28439
   0.02545,  -0.05040,  -0.28538
   0.02479,  -0.05052,  -0.28638
   0.02413,  -0.05065,  -0.28739
   0.02347,  -0.05077,  -0.28840
   0.02280,  -0.05091,  -0.28942
   0.02213,  -0.05104,  -0.29045
   0.02145,  -0.05118,  -0.29148
   0.02078,  -0.05132,  -0.29252
   0.02009,  -0.05147,  -0.29357
   0.01941,  -0.05162,  -0.29462
   0.01872,  -0.05177,  -0.29568
   0.01802,  -0.05193,  -0.29674
   0.01733,  -0.05210,  -0.29781
   0.01663,  -0.05226,  -0.29889
   0.01592,  -0.05244,  -0.29997
   0.01522,  -0.05261,  -0.30106
   0.01451,  -0.05279,  -0.30216
   0.01379,  -0.05298,  -0.30326
   0.01307,  -0.05317,  -0.30437
   0.01235,  -0.05336,  -0.30549
   0.01163,  -0.05356,  -0.30661
   0.01090,  -0.05376,  -0.30774
   0.01017,  -0.05397,  -0.30888
   0.00943,  -0.05418,  -0.31002
   0.00870,  -0.05440,  -0.31117
   0.00795,  -0.05462,  -0.31232
   0.00721,  -0.05485,  -0.31348
   0.00646,  -0.05508,  -0.31465
   0.00571,  -0.05532,  -0.31582
   0.00495,  -0.05556,  -0.31700
   0.00419,  -0.05581,  -0.31819
   0.00343,  -0.05606,  -0.31938
   0.00267,  -0.05631,  -0.32058
   0.00190,  -0.05658,  -0.32178
   0.00113,  -0.05684,  -0.32299
   0.00035,  -0.05712,  -0.32421
  -0.00043,  -0.05739,  -0.32544
  -0.00121,  -0.05768,  -0.32667
  -0.00199,  -0.05797,  -0.32790
  -0.00278,  -0.05826,  -0.32915
  -0.00357,  -0.05856,  -0.33039
  -0.00436,  -0.05887,  -0.33165
  -0.00516,  -0.05918,  -0.33291
  -0.00596,  -0.05949,  -0.33418
  -0.00676,  -0.05981,  -0.33545
  -0.00757,  -0.06014,  -0.33673
  -0.00838,  -0.06048,  -0.33802
  -0.00919,  -0.06082,  -0.33931
  -0.01001,  -0.06116,  -0.34061
  -0.01083,  -0.06151,  -0.34192
  -0.01165,  -0.06187,  -0.34323
  -0.01247,  -0.06223,  -0.34455
  -0.01330,  -0.06260,  -0.34587
  -0.01413,  -0.06298,  -0.34720
  -0.01497,  -0.06336,  -0.34854
  -0.01580,  -0.06375,  -0.34988
  -0.01664,  -0.06415,  -0.35123
  -0.01748,  -0.06455,  -0.35258
  -0.01833,  -0.06495,  -0.35394
  -0.01918,  -0.06537,  -0.35531
  -0.02003,  -0.06579,  -0.35668
  -0.02088,  -0.06621,  -0.35806
  -0.02174,  -0.06665,  -0.35945
  -0.02260,  -0.06709,  -0.36084
  -0.02346,  -0.06754,  -0.36224
  -0.02432,  -0.06799,  -0.36364
  -0.02519,  -0.06845,  -0.36505
  -0.02606,  -0.06892,  -0.36646
  -0.02694,  -0.06939,  -0.36788
  -0.02781,  -0.06987,  -0.36931
  -0.02869,  -0.07036,  -0.37074
  -0.02957,  -0.07086,  -0.37218
  -0.03046,  -0.07136,  -0.37362
  -0.03134,  -0.07187,  -0.37507
  -0.03223,  -0.07239,  -0.37653
  -0.03312,  -0.07291,  -0.37799
  -0.03402,  -0.07344,  -0.37946
  -0.03491,  -0.07398,  -0.38093
  -0.03581,  -0.07453,  -0.38241
  -0.03672,  -0.07508,  -0.38390
  -0.03762,  -0.07564,  -0.38539
  -0.03853,  -0.07621,  -0.38688
  -0.03944,  -0.07679,  -0.38839
  -0.04035,  -0.07737,  -0.38989
  -0.04126,  -0.07797,  -0.39141
  -0.04218,  -0.07857,  -0.39293
  -0.04310,  -0.07917,  -0.39445
  -0.04402,  -0.07979,  -0.39598
  -0.04495,  -0.08041,  -0.39752
  -0.04587,  -0.08105,  -0.39906
  -0.04680,  -0.08169,  -0.40060
  -0.04773,  -0.08233,  -0.40215
  -0.04867,  -0.08299,  -0.40371
  -0.04960,  -0.08365,  -0.40528
  -0.05054,  -0.08433,  -0.40684
  -0.05148,  -0.08501,  -0.40842
  -0.05243,  -0.08570,  -0.41000
  -0.05337,  -0.08639,  -0.41158
  -0.05432,  -0.08710,  -0.41317
  -0.05527,  -0.08782,  -0.41476
  -0.05622,  -0.08854,  -0.41636
  -0.05718,  -0.08927,  -0.41797
  -0.05813,  -0.09001,  -0.41958
  -0.05909,  -0.09076,  -0.42119
  -0.06005,  -0.09152,  -0.42282
  -0.06101,  -0.09229,  -0.42444
  -0.06198,  -0.09306,  -0.42607
  -0.06295,  -0.09385,  -0.42771
  -0.06391,  -0.09464,  -0.42935
  -0.06489,  -0.09544,  -0.43099
  -0.06586,  -0.09626,  -0.43264
  -0.06683,  -0.09708,  -0.43430
  -0.06781,  -0.09791,  -0.43596
  -0.06879,  -0.09875,  -0.43763
  -0.06977,  -0.09960,  -0.43930
  -0.07075,  -0.10045,  -0.44097
  -0.07174,  -0.10132,  -0.44265
  -0.07273,  -0.10220,  -0.44433
  -0.07372,  -0.10309,  -0.44602
  -0.07471,  -0.10398,  -0.44772
  -0.07570,  -0.10489,  -0.44942
  -0.07669,  -0.10580,  -0.45112
  -0.07769,  -0.10673,  -0.45283
  -0.07869,  -0.10766,  -0.45454
  -0.07969,  -0.10861,  -0.45625
  -0.08069,  -0.10956,  -0.45798
  -0.08169,  -0.11053,  -0.45970
  -0.08270,  -0.11150,  -0.46143
  -0.08371,  -0.11248,  -0.46316
  -0.08472,  -0.11348,  -0.46490
  -0.08573,  -0.11448,  -0.46664
  -0.08674,  -0.11550,  -0.46839
  -0.08775,  -0.11652,  -0.47014
  -0.08877,  -0.11756,  -0.47190
  -0.08978,  -0.11860,  -0.47366
  -0.09080,  -0.11966,  -0.47542
