# epsilon_xx, epsilon_yy, epsilon_xy
  -0.00000,  -0.00000,   0.00000
  -0.00052,  -0.00010,  -0.00170
  -0.00102,  -0.00019,  -0.00339
  -0.00153,  -0.00029,  -0.00508
  -0.00202,  -0.00039,  -0.00677
  -0.00251,  -0.00049,  -0.00845
  -0.00299,  -0.00060,  -0.01012
  -0.00346,  -0.00070,  -0.01179
  -0.00393,  -0.00081,  -0.01346
  -0.00439,  -0.00092,  -0.01512
  -0.00484,  -0.00103,  -0.01678
  -0.00528,  -0.00114,  -0.01843
  -0.00572,  -0.00125,  -0.02007
  -0.00615,  -0.00136,  -0.02172
  -0.00657,  -0.00148,  -0.02335
  -0.00698,  -0.00160,  -0.02499
  -0.00739,  -0.00172,  -0.02661
  -0.00779,  -0.00184,  -0.02824
  -0.00818,  -0.00196,  -0.02986
  -0.00857,  -0.00208,  -0.03147
  -0.00894,  -0.00221,  -0.03308
  -0.00931,  -0.00233,  -0.03468
  -0.00967,  -0.00246,  -0.03628
  -0.01003,  -0.00259,  -0.03788
  -0.01037,  -0.00272,  -0.03947
  -0.01071,  -0.00285,  -0.04105
  -0.01104,  -0.00299,  -0.04264
  -0.01137,  -0.00312,  -0.04421
  -0.01168,  -0.00326,  -0.04578
  -0.01199,  -0.00340,  -0.04735
  -0.01229,  -0.00354,  -0.04891
  -0.01258,  -0.00368,  -0.05047
  -0.01286,  -0.00382,  -0.05202
  -0.01314,  -0.00397,  -0.05357
  -0.01341,  -0.00412,  -0.05511
  -0.01367,  -0.00426,  -0.05665
  -0.01392,  -0.00441,  -0.05819
  -0.01417,  -0.00457,  -0.05972
  -0.01440,  -0.00472,  -0.06124
  -0.01463,  -0.00487,  -0.06276
  -0.01485,  -0.00503,  -0.06427
  -0.01507,  -0.00519,  -0.06578
  -0.01527,  -0.00535,  -0.06729
  -0.01547,  -0.00551,  -0.06879
  -0.01566,  -0.00567,  -0.07029
  -0.01584,  -0.00583,  -0.07178
  -0.01601,  -0.00600,  -0.07327
  -0.01618,  -0.00617,  -0.07475
  -0.01634,  -0.00633,  -0.07622
  -0.01648,  -0.00651,  -0.07770
  -0.01663,  -0.00668,  -0.07917
  -0.01676,  -0.00685,  -0.08063
  -0.01688,  -0.00703,  -0.08209
  -0.01700,  -0.00720,  -0.08354
  -0.01711,  -0.00738,  -0.08499
  -0.01721,  -0.00756,  -0.08643
  -0.01731,  -0.00775,  -0.08787
  -0.01739,  -0.00793,  -0.08931
  -0.01747,  -0.00812,  -0.09074
  -0.01754,  -0.00830,  -0.09216
  -0.01760,  -0.00849,  -0.09358
  -0.01765,  -0.00868,  -0.09500
  -0.01770,  -0.00888,  -0.09641
  -0.01774,  -0.00907,  -0.09782
  -0.01776,  -0.00927,  -0.09922
  -0.01779,  -0.00947,  -0.10062
  -0.01780,  -0.00967,  -0.10201
  -0.01781,  -0.00987,  -0.10340
  -0.01780,  -0.01007,  -0.10478
  -0.01779,  -0.01028,  -0.10616
  -0.01777,  -0.01048,  -0.10753
  -0.01775,  -0.01069,  -0.10890
  -0.01771,  -0.01090,  -0.11027
  -0.01767,  -0.01112,  -0.11162
  -0.01762,  -0.01133,  -0.11298
  -0.01756,  -0.01155,  -0.11433
  -0.01750,  -0.01177,  -0.11567
  -0.01743,  -0.01199,  -0.11702
  -0.01734,  -0.01221,  -0.11835
  -0.01725,  -0.01243,  -0.11968
  -0.01716,  -0.01266,  -0.12101
  -0.01705,  -0.01289,  -0.12233
  -0.01694,  -0.01312,  -0.12365
  -0.01682,  -0.01335,  -0.12496
  -0.01669,  -0.01358,  -0.12627
  -0.01656,  -0.01382,  -0.12757
  -0.01641,  -0.01406,  -0.12887
  -0.01626,  -0.01430,  -0.13016
  -0.01610,  -0.01454,  -0.13145
  -0.01594,  -0.01479,  -0.13273
  -0.01577,  -0.01503,  -0.13401
  -0.01558,  -0.01528,  -0.13529
  -0.01540,  -0.01553,  -0.13656
  -0.01520,  -0.01578,  -0.13782
  -0.01500,  -0.01604,  -0.13908
  -0.01478,  -0.01630,  -0.14034
  -0.01457,  -0.01656,  -0.14159
  -0.01434,  -0.01682,  -0.14284
  -0.01411,  -0.01708,  -0.14408
  -0.01387,  -0.01735,  -0.14532
  -0.01362,  -0.01762,  -0.14655
  -0.01336,  -0.01789,  -0.14778
  -0.01310,  -0.01816,  -0.14900
  -0.01283,  -0.01843,  -0.15022
  -0.01255,  -0.01871,  -0.15143
  -0.01227,  -0.01899,  -0.15264
  -0.01198,  -0.01927,  -0.15384
  -0.01168,  -0.01956,  -0.15504
  -0.01137,  -0.01984,  -0.15624
  -0.01106,  -0.02013,  -0.15743
  -0.01074,  -0.02043,  -0.15861
  -0.01041,  -0.02072,  -0.15980
  -0.01008,  -0.02102,  -0.16097
  -0.00974,  -0.02132,  -0.16214
  -0.00939,  -0.02162,  -0.16331
  -0.00904,  -0.02192,  -0.16447
  -0.00868,  -0.02223,  -0.16563
  -0.00831,  -0.02254,  -0.16678
  -0.00794,  -0.02285,  -0.16793
  -0.00756,  -0.02316,  -0.16908
  -0.00717,  -0.02348,  -0.17022
  -0.00678,  -0.02380,  -0.17135
  -0.00638,  -0.02412,  -0.17248
  -0.00597,  -0.02445,  -0.17361
  -0.00556,  -0.02477,  -0.17473
  -0.00514,  -0.02510,  -0.17584
  -0.00471,  -0.02544,  -0.17695
  -0.00428,  -0.02577,  -0.17806
  -0.00384,  -0.02611,  -0.17916
  -0.00340,  -0.02645,  -0.18026
  -0.00295,  -0.02679,  -0.18136
  -0.00249,  -0.02714,  -0.18244
  -0.00203,  -0.02749,  -0.18353
  -0.00156,  -0.02784,  -0.18461
  -0.00108,  -0.02820,  -0.18568
  -0.00060,  -0.02856,  -0.18675
  -0.00012,  -0.02892,  -0.18782
   0.00038,  -0.02928,  -0.18888
   0.00087,  -0.02965,  -0.18994
   0.00138,  -0.03002,  -0.19099
   0.00189,  -0.03039,  -0.19204
   0.00240,  -0.03076,  -0.19308
   0.00292,  -0.03114,  -0.19412
   0.00345,  -0.03153,  -0.19516
   0.00398,  -0.03191,  -0.19619
   0.00452,  -0.03230,  -0.19721
   0.00506,  -0.03269,  -0.19823
   0.00561,  -0.03308,  -0.19925
   0.00616,  -0.03348,  -0.20026
   0.00672,  -0.03388,  -0.20127
   0.00728,  -0.03428,  -0.20228
   0.00785,  -0.03469,  -0.20327
   0.00842,  -0.03510,  -0.20427
   0.00900,  -0.03551,  -0.20526
   0.00958,  -0.03593,  -0.20625
   0.01017,  -0.03635,  -0.20723
   0.01076,  -0.03677,  -0.20820
   0.01135,  -0.03720,  -0.20918
   0.01196,  -0.03763,  -0.21015
   0.01256,  -0.03806,  -0.21111
   0.01317,  -0.03850,  -0.21207
   0.01379,  -0.03894,  -0.21303
   0.01441,  -0.03938,  -0.21398
   0.01503,  -0.03983,  -0.21492
   0.01566,  -0.04028,  -0.21587
   0.01629,  -0.04073,  -0.21681
   0.01692,  -0.04119,  -0.21774
   0.01756,  -0.04165,  -0.21867
   0.01821,  -0.04211,  -0.21960
   0.01886,  -0.04258,  -0.22052
   0.01951,  -0.04305,  -0.22144
   0.02016,  -0.04352,  -0.22235
   0.02082,  -0.04400,  -0.22326
   0.02148,  -0.04448,  -0.22416
   0.02215,  -0.04497,  -0.22506
   0.02282,  -0.04546,  -0.22596
   0.02349,  -0.04595,  -0.22685
   0.02417,  -0.04645,  -0.22774
   0.02485,  -0.04695,  -0.22863
   0.02553,  -0.04745,  -0.22951
   0.02622,  -0.04796,  -0.23038
   0.02691,  -0.04847,  -0.23126
   0.02760,  -0.04899,  -0.23212
   0.02830,  -0.04951,  -0.23299
   0.02900,  -0.05003,  -0.23385
   0.02970,  -0.05056,  -0.23471
   0.03040,  -0.05109,  -0.23556
   0.03111,  -0.05162,  -0.23641
   0.03182,  -0.05216,  -0.23725
   0.03253,  -0.05270,  -0.23809
   0.03324,  -0.05325,  -0.23893
   0.03396,  -0.05380,  -0.23976
   0.03468,  -0.05435,  -0.24059
   0.03540,  -0.05491,  -0.24141
   0.03612,  -0.05547,  -0.24224
   0.03685,  -0.05604,  -0.24305
   0.03758,  -0.05661,  -0.24387
   0.03830,  -0.05719,  -0.24468
   0.03904,  -0.05776,  -0.24548
   0.03977,  -0.05835,  -0.24628
   0.04050,  -0.05893,  -0.24708
   0.04124,  -0.05952,  -0.24788
   0.04198,  -0.06012,  -0.24867
   0.04272,  -0.06072,  -0.24946
   0.04346,  -0.06132,  -0.25024
   0.04420,  -0.06193,  -0.25102
   0.04495,  -0.06254,  -0.25180
   0.04569,  -0.06316,  -0.25257
   0.04644,  -0.06378,  -0.25334
   0.04718,  -0.06440,  -0.25410
   0.04793,  -0.06503,  -0.25487
   0.04868,  -0.06566,  -0.25563
   0.04943,  -0.06630,  -0.25638
   0.05018,  -0.06694,  -0.25713
   0.05093,  -0.06759,  -0.25788
   0.05168,  -0.06824,  -0.25863
   0.05244,  -0.06889,  -0.25937
   0.05319,  -0.06955,  -0.26010
   0.05394,  -0.07021,  -0.26084
   0.05470,  -0.07088,  -0.26157
   0.05545,  -0.07155,  -0.26230
   0.05620,  -0.07223,  -0.26302
   0.05696,  -0.07291,  -0.26374
   0.05771,  -0.07359,  -0.26446
   0.05847,  -0.07428,  -0.26518
   0.05922,  -0.07497,  -0.26589
   0.05997,  -0.07567,  -0.26660
   0.06073,  -0.07638,  -0.26730
   0.06148,  -0.07708,  -0.26800
   0.06223,  -0.07779,  -0.26870
   0.06298,  -0.07851,  -0.26940
   0.06374,  -0.07923,  -0.27009
   0.06449,  -0.07996,  -0.27078
   0.06524,  -0.08069,  -0.27147
   0.06598,  -0.08142,  -0.27215
   0.06673,  -0.08216,  -0.27283
   0.06748,  -0.08290,  -0.27351
   0.06823,  -0.08365,  -0.27418
   0.06897,  -0.08440,  -0.27485
   0.06971,  -0.08516,  -0.27552
   0.07046,  -0.08592,  -0.27619
   0.07120,  -0.08669,  -0.27685
   0.07194,  -0.08746,  -0.27751
   0.07267,  -0.08823,  -0.27817
   0.07341,  -0.08901,  -0.27882
   0.07414,  -0.08980,  -0.27947
   0.07488,  -0.09059,  -0.28012
   0.07561,  -0.09138,  -0.28077
   0.07634,  -0.09218,  -0.28141
   0.07706,  -0.09298,  -0.28205
   0.07779,  -0.09379,  -0.28269
   0.07851,  -0.09460,  -0.28332
   0.07923,  -0.09542,  -0.28396
   0.07995,  -0.09624,  -0.28459
   0.08067,  -0.09707,  -0.28522
   0.08138,  -0.09790,  -0.28584
   0.08209,  -0.09873,  -0.28646
   0.08280,  -0.09957,  -0.28708
   0.08351,  -0.10042,  -0.28770
   0.08421,  -0.10127,  -0.28832
   0.08491,  -0.10212,  -0.28893
   0.08561,  -0.10298,  -0.28954
   0.08630,  -0.10384,  -0.29015
   0.08699,  -0.10471,  -0.29075
   0.08768,  -0.10558,  -0.29136
   0.08837,  -0.10646,  -0.29196
   0.08905,  -0.10734,  -0.29256
   0.08973,  -0.10823,  -0.29315
   0.09040,  -0.10912,  -0.29375
   0.09107,  -0.11002,  -0.29434
   0.09174,  -0.11092,  -0.29493
   0.09241,  -0.11182,  -0.29552
   0.09307,  -0.11273,  -0.29610
   0.09372,  -0.11365,  -0.29669
   0.09438,  -0.11457,  -0.29727
   0.09503,  -0.11549,  -0.29785
   0.09567,  -0.11642,  -0.29843
   0.09631,  -0.11735,  -0.29900
   0.09695,  -0.11829,  -0.29958
   0.09758,  -0.11923,  -0.30015
   0.09821,  -0.12018,  -0.30072
   0.09884,  -0.12113,  -0.30129
   0.09946,  -0.12208,  -0.30185
   0.10007,  -0.12304,  -0.30242
   0.10069,  -0.12401,  -0.30298
   0.10129,  -0.12498,  -0.30354
   0.10189,  -0.12595,  -0.30410
   0.10249,  -0.12693,  -0.30466
   0.10308,  -0.12791,  -0.30521
   0.10367,  -0.12890,  -0.30577
   0.10425,  -0.12989,  -0.30632
   0.10483,  -0.13089,  -0.30687
   0.10541,  -0.13189,  -0.30742
   0.10597,  -0.13289,  -0.30797
   0.10654,  -0.13390,  -0.30851
   0.10709,  -0.13492,  -0.30906
   0.10765,  -0.13594,  -0.30960
   0.10819,  -0.13696,  -0.31014
   0.10873,  -0.13799,  -0.31068
   0.10927,  -0.13902,  -0.31122
   0.10980,  -0.14006,  -0.31176
   0.11033,  -0.14110,  -0.31229
   0.11084,  -0.14214,  -0.31283
   0.11136,  -0.14319,  -0.31336
   0.11187,  -0.14424,  -0.31389
   0.11237,  -0.14530,  -0.31442
   0.11286,  -0.14636,  -0.31495
   0.11335,  -0.14743,  -0.31548
   0.11384,  -0.14850,  -0.31601
   0.11432,  -0.14958,  -0.31653
   0.11479,  -0.15065,  -0.31706
   0.11525,  -0.15174,  -0.31758
   0.11571,  -0.15283,  -0.31811
   0.11617,  -0.15392,  -0.31863
   0.11661,  -0.15501,  -0.31915
   0.11706,  -0.15611,  -0.31967
   0.11749,  -0.15722,  -0.32018
   0.11792,  -0.15832,  -0.32070
   0.11834,  -0.15944,  -0.32122
   0.11875,  -0.16055,  -0.32173
   0.11916,  -0.16167,  -0.32225
   0.11956,  -0.16279,  -0.32276
   0.11996,  -0.16392,  -0.32328
   0.12034,  -0.16505,  -0.32379
   0.12073,  -0.16619,  -0.32430
   0.12110,  -0.16733,  -0.32481
   0.12147,  -0.16847,  -0.32532
   0.12183,  -0.16962,  -0.32583
   0.12218,  -0.17077,  -0.32633
   0.12253,  -0.17192,  -0.32684
   0.12287,  -0.17308,  -0.32735
   0.12320,  -0.17424,  -0.32785
   0.12352,  -0.17541,  -0.32836
   0.12384,  -0.17658,  -0.32887
   0.12415,  -0.17775,  -0.32937
   0.12445,  -0.17893,  -0.32987
   0.12475,  -0.18011,  -0.33038
   0.12504,  -0.18129,  -0.33088
   0.12532,  -0.18248,  -0.33138
   0.12559,  -0.18367,  -0.33188
   0.12585,  -0.18486,  -0.33238
   0.12611,  -0.18606,  -0.33288
   0.12636,  -0.18726,  -0.33338
   0.12661,  -0.18847,  -0.33388
   0.12684,  -0.18967,  -0.33438
   0.12707,  -0.19088,  -0.33488
   0.12729,  -0.19210,  -0.33538
   0.12750,  -0.19331,  -0.33588
   0.12770,  -0.19453,  -0.33637
   0.12790,  -0.19576,  -0.33687
   0.12809,  -0.19698,  -0.33737
   0.12827,  -0.19821,  -0.33786
   0.12844,  -0.19945,  -0.33836
   0.12860,  -0.20068,  -0.33886
   0.12876,  -0.20192,  -0.33935
   0.12891,  -0.20316,  -0.33985
   0.12905,  -0.20440,  -0.34035
   0.12918,  -0.20565,  -0.34084
   0.12931,  -0.20690,  -0.34134
   0.12942,  -0.20815,  -0.34183
   0.12953,  -0.20941,  -0.34233
   0.12963,  -0.21067,  -0.34282
   0.12972,  -0.21193,  -0.34332
   0.12980,  -0.21319,  -0.34381
   0.12988,  -0.21446,  -0.34430
   0.12994,  -0.21572,  -0.34480
   0.13000,  -0.21699,  -0.34529
   0.13005,  -0.21827,  -0.34579
   0.13009,  -0.21954,  -0.34628
   0.13013,  -0.22082,  -0.34678
   0.13015,  -0.22210,  -0.34727
   0.13017,  -0.22338,  -0.34777
   0.13018,  -0.22467,  -0.34826
   0.13018,  -0.22595,  -0.34875
   0.13017,  -0.22724,  -0.34925
   0.13015,  -0.22853,  -0.34974
   0.13012,  -0.22983,  -0.35024
   0.13009,  -0.23112,  -0.35073
   0.13005,  -0.23242,  -0.35123
   0.13000,  -0.23372,  -0.35172
   0.12994,  -0.23502,  -0.35222
   0.12987,  -0.23632,  -0.35271
   0.12979,  -0.23762,  -0.35321
   0.12971,  -0.23893,  -0.35370
   0.12961,  -0.24023,  -0.35420
   0.12951,  -0.24154,  -0.35469
   0.12940,  -0.24285,  -0.35519
   0.12928,  -0.24417,  -0.35568
   0.12915,  -0.24548,  -0.35618
   0.12901,  -0.24679,  -0.35668
   0.12887,  -0.24811,  -0.35717
   0.12871,  -0.24943,  -0.35767
   0.12855,  -0.25075,  -0.35817
   0.12838,  -0.25207,  -0.35866
   0.12820,  -0.25339,  -0.35916
   0.12801,  -0.25471,  -0.35966
   0.12781,  -0.25603,  -0.36016
   0.12761,  -0.25735,  -0.36066
   0.12739,  -0.25868,  -0.36115
   0.12717,  -0.26000,  -0.36165
   0.12694,  -0.26133,  -0.36215
   0.12670,  -0.26266,  -0.36265
   0.12645,  -0.26399,  -0.36315
   0.12619,  -0.26531,  -0.36365
   0.12592,  -0.26664,  -0.36415
   0.12565,  -0.26797,  -0.36465
   0.12537,  -0.26930,  -0.36515
   0.12507,  -0.27063,  -0.36565
   0.12477,  -0.27197,  -0.36615
   0.12446,  -0.27330,  -0.36665
   0.12415,  -0.27463,  -0.36715
   0.12382,  -0.27596,  -0.36765
   0.12349,  -0.27729,  -0.36815
   0.12314,  -0.27862,  -0.36865
   0.12279,  -0.27996,  -0.36916
   0.12243,  -0.28129,  -0.36966
   0.12206,  -0.28262,  -0.37016
   0.12169,  -0.28395,  -0.37066
   0.12130,  -0.28528,  -0.37117
   0.12091,  -0.28662,  -0.37167
   0.12051,  -0.28795,  -0.37217
   0.12010,  -0.28928,  -0.37268
   0.11968,  -0.29061,  -0.37318
   0.11925,  -0.29194,  -0.37369
   0.11882,  -0.29327,  -0.37419
   0.11837,  -0.29460,  -0.37470
   0.11792,  -0.29592,  -0.37520
   0.11746,  -0.29725,  -0.37571
   0.11699,  -0.29858,  -0.37621
   0.11652,  -0.29990,  -0.37672
   0.11603,  -0.30123,  -0.37722
   0.11554,  -0.30255,  -0.37773
   0.11504,  -0.30387,  -0.37823
   0.11453,  -0.30520,  -0.37874
   0.11401,  -0.30652,  -0.37925
   0.11349,  -0.30783,  -0.37975
   0.11296,  -0.30915,  -0.38026
   0.11242,  -0.31047,  -0.38076
   0.11187,  -0.31178,  -0.38127
   0.11131,  -0.31310,  -0.38178
   0.11075,  -0.31441,  -0.38228
   0.11017,  -0.31572,  -0.38279
   0.10959,  -0.31703,  -0.38330
   0.10900,  -0.31834,  -0.38381
   0.10841,  -0.31964,  -0.38431
   0.10781,  -0.32095,  -0.38482
   0.10719,  -0.32225,  -0.38533
   0.10658,  -0.32355,  -0.38583
   0.10595,  -0.32485,  -0.38634
   0.10532,  -0.32614,  -0.38685
   0.10467,  -0.32744,  -0.38735
   0.10403,  -0.32873,  -0.38786
   0.10337,  -0.33002,  -0.38837
   0.10271,  -0.33131,  -0.38888
   0.10204,  -0.33259,  -0.38938
   0.10136,  -0.33387,  -0.38989
   0.10067,  -0.33515,  -0.39040
   0.09998,  -0.33643,  -0.39090
   0.09928,  -0.33770,  -0.39141
   0.09857,  -0.33898,  -0.39191
   0.09786,  -0.34025,  -0.39242
   0.09714,  -0.34151,  -0.39292
   0.09641,  -0.34278,  -0.39343
   0.09567,  -0.34404,  -0.39394
   0.09493,  -0.34529,  -0.39444
   0.09418,  -0.34655,  -0.39494
   0.09343,  -0.34780,  -0.39545
   0.09266,  -0.34905,  -0.39595
   0.09189,  -0.35029,  -0.39646
   0.09112,  -0.35153,  -0.39696
   0.09034,  -0.35277,  -0.39746
   0.08955,  -0.35401,  -0.39796
   0.08875,  -0.35524,  -0.39847
   0.08795,  -0.35647,  -0.39897
   0.08714,  -0.35769,  -0.39947
   0.08633,  -0.35891,  -0.39997
   0.08550,  -0.36013,  -0.40047
   0.08468,  -0.36134,  -0.40097
   0.08384,  -0.36255,  -0.40147
   0.08300,  -0.36376,  -0.40196
   0.08216,  -0.36496,  -0.40246
   0.08131,  -0.36616,  -0.40296
   0.08045,  -0.36735,  -0.40346
   0.07958,  -0.36854,  -0.40395
   0.07871,  -0.36972,  -0.40445
   0.07784,  -0.37090,  -0.40494
   0.07696,  -0.37208,  -0.40543
   0.07607,  -0.37325,  -0.40593
   0.07518,  -0.37442,  -0.40642
   0.07428,  -0.37558,  -0.40691
   0.07338,  -0.37674,  -0.40740
   0.07247,  -0.37789,  -0.40789
   0.07155,  -0.37904,  -0.40838
   0.07063,  -0.38019,  -0.40886
   0.06971,  -0.38133,  -0.40935
   0.06878,  -0.38246,  -0.40984
   0.06784,  -0.38359,  -0.41032
   0.06690,  -0.38472,  -0.41080
   0.06595,  -0.38584,  -0.41129
   0.06500,  -0.38695,  -0.41177
   0.06405,  -0.38806,  -0.41225
   0.06309,  -0.38917,  -0.41273
   0.06212,  -0.39027,  -0.41320
   0.06115,  -0.39136,  -0.41368
   0.06018,  -0.39245,  -0.41416
   0.05920,  -0.39353,  -0.41463
   0.05822,  -0.39461,  -0.41510
   0.05723,  -0.39568,  -0.41557
   0.05624,  -0.39675,  -0.41604
   0.05524,  -0.39781,  -0.41651
   0.05424,  -0.39887,  -0.41698
   0.05323,  -0.39992,  -0.41744
   0.05222,  -0.40096,  -0.41791
   0.05121,  -0.40200,  -0.41837
   0.05019,  -0.40303,  -0.41883
   0.04917,  -0.40406,  -0.41929
   0.04815,  -0.40508,  -0.41975
   0.04712,  -0.40609,  -0.42020
   0.04609,  -0.40710,  -0.42066
   0.04505,  -0.40810,  -0.42111
   0.04401,  -0.40910,  -0.42156
   0.04297,  -0.41009,  -0.42201
   0.04192,  -0.41107,  -0.42246
   0.04087,  -0.41205,  -0.42290
   0.03982,  -0.41302,  -0.42335
   0.03876,  -0.41399,  -0.42379
   0.03770,  -0.41494,  -0.42423
   0.03664,  -0.41590,  -0.42467
   0.03557,  -0.41684,  -0.42510
   0.03450,  -0.41778,  -0.42553
   0.03343,  -0.41871,  -0.42597
   0.03236,  -0.41964,  -0.42639
   0.03128,  -0.42055,  -0.42682
   0.03020,  -0.42147,  -0.42725
   0.02912,  -0.42237,  -0.42767
   0.02803,  -0.42327,  -0.42809
   0.02695,  -0.42416,  -0.42851
   0.02586,  -0.42504,  -0.42892
   0.02476,  -0.42592,  -0.42934
   0.02367,  -0.42679,  -0.42975
   0.02257,  -0.42766,  -0.43016
   0.02148,  -0.42851,  -0.43056
   0.02037,  -0.42936,  -0.43097
   0.01927,  -0.43020,  -0.43137
   0.01817,  -0.43104,  -0.43177
   0.01706,  -0.43186,  -0.43216
   0.01595,  -0.43268,  -0.43255
   0.01484,  -0.43350,  -0.43295
   0.01373,  -0.43430,  -0.43333
   0.01262,  -0.43510,  -0.43372
   0.01151,  -0.43589,  -0.43410
   0.01039,  -0.43668,  -0.43448
   0.00928,  -0.43745,  -0.43486
   0.00816,  -0.43822,  -0.43523
   0.00704,  -0.43898,  -0.43560
   0.00592,  -0.43973,  -0.43597
   0.00480,  -0.44048,  -0.43633
   0.00368,  -0.44122,  -0.43669
   0.00255,  -0.44195,  -0.43705
   0.00143,  -0.44267,  -0.43741
   0.00030,  -0.44338,  -0.43776
  -0.00082,  -0.44409,  -0.43811
  -0.00195,  -0.44479,  -0.43846
  -0.00307,  -0.44548,  -0.43880
  -0.00420,  -0.44617,  -0.43914
  -0.00533,  -0.44684,  -0.43947
  -0.00645,  -0.44751,  -0.43981
  -0.00758,  -0.44817,  -0.44014
  -0.00871,  -0.44882,  -0.44046
  -0.00984,  -0.44947,  -0.44078
  -0.01096,  -0.45010,  -0.44110
  -0.01209,  -0.45073,  -0.44142
  -0.01322,  -0.45135,  -0.44173
  -0.01435,  -0.45197,  -0.44204
  -0.01547,  -0.45257,  -0.44234
  -0.01660,  -0.45317,  -0.44264
  -0.01773,  -0.45375,  -0.44294
  -0.01885,  -0.45433,  -0.44323
  -0.01998,  -0.45491,  -0.44352
  -0.02110,  -0.45547,  -0.44381
  -0.02223,  -0.45603,  -0.44409
  -0.02335,  -0.45657,  -0.44437
  -0.02447,  -0.45711,  -0.44464
  -0.02560,  -0.45764,  -0.44491
  -0.02672,  -0.45817,  -0.44518
  -0.02784,  -0.45868,  -0.44544
  -0.02896,  -0.45919,  -0.44570
  -0.03007,  -0.45969,  -0.44595
  -0.03119,  -0.46018,  -0.44620
  -0.03230,  -0.46066,  -0.44645
  -0.03342,  -0.46113,  -0.44669
  -0.03453,  -0.46160,  -0.44692
  -0.03564,  -0.46206,  -0.44716
  -0.03675,  -0.46251,  -0.44739
  -0.03786,  -0.46295,  -0.44761
  -0.03897,  -0.46338,  -0.44783
  -0.04007,  -0.46380,  -0.44804
  -0.04117,  -0.46422,  -0.44826
  -0.04227,  -0.46463,  -0.44846
  -0.04337,  -0.46503,  -0.44866
  -0.04447,  -0.46542,  -0.44886
  -0.04556,  -0.46580,  -0.44905
  -0.04666,  -0.46617,  -0.44924
  -0.04775,  -0.46654,  -0.44943
  -0.04884,  -0.46690,  -0.44961
  -0.04992,  -0.46725,  -0.44978
  -0.05101,  -0.46759,  -0.44995
  -0.05209,  -0.46792,  -0.45012
  -0.05317,  -0.46825,  -0.45028
  -0.05424,  -0.46857,  -0.45043
  -0.05532,  -0.46887,  -0.45058
  -0.05639,  -0.46918,  -0.45073
  -0.05746,  -0.46947,  -0.45087
  -0.05852,  -0.46975,  -0.45100
  -0.05959,  -0.47003,  -0.45114
  -0.06065,  -0.47030,  -0.45126
  -0.06170,  -0.47055,  -0.45138
  -0.06276,  -0.47081,  -0.45150
  -0.06381,  -0.47105,  -0.45161
  -0.06486,  -0.47128,  -0.45171
  -0.06591,  -0.47151,  -0.45182
  -0.06695,  -0.47173,  -0.45191
  -0.06799,  -0.47194,  -0.45200
  -0.06902,  -0.47214,  -0.45209
  -0.07005,  -0.47234,  -0.45217
  -0.07108,  -0.47253,  -0.45224
  -0.07211,  -0.47271,  -0.45231
  -0.07313,  -0.47288,  -0.45237
  -0.07415,  -0.47304,  -0.45243
  -0.07517,  -0.47319,  -0.45249
  -0.07618,  -0.47334,  -0.45254
  -0.07719,  -0.47348,  -0.45258
  -0.07819,  -0.47361,  -0.45262
  -0.07919,  -0.47374,  -0.45265
  -0.08019,  -0.47385,  -0.45267
  -0.08118,  -0.47396,  -0.45269
  -0.08217,  -0.47406,  -0.45271
  -0.08315,  -0.47415,  -0.45272
  -0.08414,  -0.47424,  -0.45272
  -0.08511,  -0.47431,  -0.45272
  -0.08609,  -0.47438,  -0.45272
  -0.08705,  -0.47445,  -0.45270
  -0.08802,  -0.47450,  -0.45269
  -0.08898,  -0.47455,  -0.45266
  -0.08994,  -0.47459,  -0.45263
  -0.09089,  -0.47462,  -0.45260
  -0.09184,  -0.47464,  -0.45256
  -0.09278,  -0.47466,  -0.45251
  -0.09372,  -0.47467,  -0.45246
  -0.09466,  -0.47467,  -0.45240
  -0.09559,  -0.47467,  -0.45234
  -0.09651,  -0.47466,  -0.45227
  -0.09743,  -0.47464,  -0.45219
  -0.09835,  -0.47461,  -0.45211
  -0.09926,  -0.47458,  -0.45202
  -0.10017,  -0.47454,  -0.45193
  -0.10108,  -0.47449,  -0.45183
  -0.10197,  -0.47444,  -0.45172
  -0.10287,  -0.47438,  -0.45161
  -0.10376,  -0.47431,  -0.45150
  -0.10464,  -0.47423,  -0.45137
  -0.10552,  -0.47415,  -0.45125
  -0.10640,  -0.47407,  -0.45111
  -0.10727,  -0.47397,  -0.45097
  -0.10813,  -0.47387,  -0.45082
  -0.10899,  -0.47376,  -0.45067
  -0.10985,  -0.47365,  -0.45051
  -0.11070,  -0.47353,  -0.45035
  -0.11155,  -0.47340,  -0.45018
  -0.11239,  -0.47326,  -0.45000
  -0.11322,  -0.47312,  -0.44982
  -0.11405,  -0.47298,  -0.44963
  -0.11488,  -0.47282,  -0.44943
  -0.11570,  -0.47267,  -0.44923
  -0.11652,  -0.47250,  -0.44902
  -0.11733,  -0.47233,  -0.44881
  -0.11813,  -0.47215,  -0.44859
  -0.11893,  -0.47197,  -0.44836
  -0.11973,  -0.47178,  -0.44813
  -0.12052,  -0.47159,  -0.44789
  -0.12130,  -0.47139,  -0.44765
  -0.12208,  -0.47118,  -0.44740
  -0.12286,  -0.47097,  -0.44714
  -0.12363,  -0.47075,  -0.44688
  -0.12439,  -0.47053,  -0.44661
  -0.12515,  -0.47030,  -0.44634
  -0.12590,  -0.47007,  -0.44606
  -0.12665,  -0.46983,  -0.44577
  -0.12739,  -0.46959,  -0.44548
  -0.12813,  -0.46934,  -0.44518
  -0.12886,  -0.46909,  -0.44487
  -0.12959,  -0.46883,  -0.44456
  -0.13031,  -0.46856,  -0.44424
  -0.13103,  -0.46830,  -0.44391
  -0.13174,  -0.46802,  -0.44358
  -0.13245,  -0.46774,  -0.44325
  -0.13315,  -0.46746,  -0.44290
  -0.13384,  -0.46717,  -0.44255
  -0.13454,  -0.46688,  -0.44220
  -0.13522,  -0.46659,  -0.44184
  -0.13590,  -0.46629,  -0.44147
  -0.13657,  -0.46598,  -0.44109
  -0.13724,  -0.46567,  -0.44071
  -0.13791,  -0.46536,  -0.44033
  -0.13856,  -0.46504,  -0.43994
  -0.13922,  -0.46472,  -0.43954
  -0.13987,  -0.46439,  -0.43913
  -0.14051,  -0.46407,  -0.43872
  -0.14115,  -0.46373,  -0.43830
  -0.14178,  -0.46340,  -0.43788
  -0.14240,  -0.46306,  -0.43745
  -0.14302,  -0.46271,  -0.43701
  -0.14364,  -0.46236,  -0.43657
  -0.14425,  -0.46201,  -0.43612
  -0.14486,  -0.46166,  -0.43567
  -0.14546,  -0.46130,  -0.43521
  -0.14605,  -0.46094,  -0.43474
  -0.14664,  -0.46058,  -0.43427
  -0.14723,  -0.46021,  -0.43379
  -0.14781,  -0.45985,  -0.43330
  -0.14838,  -0.45947,  -0.43281
  -0.14895,  -0.45910,  -0.43232
  -0.14951,  -0.45872,  -0.43181
  -0.15007,  -0.45834,  -0.43130
  -0.15063,  -0.45796,  -0.43079
  -0.15118,  -0.45758,  -0.43027
  -0.15172,  -0.45719,  -0.42974
  -0.15226,  -0.45680,  -0.42921
  -0.15279,  -0.45641,  -0.42867
  -0.15332,  -0.45602,  -0.42812
  -0.15384,  -0.45562,  -0.42757
  -0.15436,  -0.45522,  -0.42701
  -0.15487,  -0.45483,  -0.42645
  -0.15538,  -0.45443,  -0.42588
  -0.15589,  -0.45402,  -0.42531
  -0.15638,  -0.45362,  -0.42473
  -0.15688,  -0.45322,  -0.42414
  -0.15737,  -0.45281,  -0.42355
  -0.15785,  -0.45240,  -0.42295
  -0.15833,  -0.45199,  -0.42234
  -0.15881,  -0.45158,  -0.42173
  -0.15927,  -0.45117,  -0.42112
  -0.15974,  -0.45076,  -0.42050
  -0.16020,  -0.45035,  -0.41987
  -0.16066,  -0.44994,  -0.41924
  -0.16111,  -0.44952,  -0.41860
  -0.16155,  -0.44911,  -0.41795
  -0.16200,  -0.44870,  -0.41730
  -0.16243,  -0.44828,  -0.41665
  -0.16287,  -0.44787,  -0.41599
  -0.16329,  -0.44745,  -0.41532
  -0.16372,  -0.44704,  -0.41465
  -0.16414,  -0.44662,  -0.41397
  -0.16455,  -0.44621,  -0.41328
  -0.16496,  -0.44579,  -0.41259
  -0.16537,  -0.44538,  -0.41190
  -0.16577,  -0.44496,  -0.41120
  -0.16617,  -0.44455,  -0.41049
  -0.16656,  -0.44414,  -0.40978
  -0.16695,  -0.44373,  -0.40906
  -0.16734,  -0.44331,  -0.40834
  -0.16772,  -0.44290,  -0.40762
  -0.16810,  -0.44249,  -0.40688
  -0.16847,  -0.44209,  -0.40614
  -0.16884,  -0.44168,  -0.40540
  -0.16920,  -0.44127,  -0.40465
  -0.16956,  -0.44087,  -0.40390
  -0.16992,  -0.44047,  -0.40314
  -0.17028,  -0.44007,  -0.40237
  -0.17063,  -0.43967,  -0.40160
  -0.17097,  -0.43927,  -0.40083
  -0.17131,  -0.43887,  -0.40005
  -0.17165,  -0.43848,  -0.39926
  -0.17199,  -0.43808,  -0.39847
  -0.17232,  -0.43769,  -0.39768
  -0.17265,  -0.43731,  -0.39688
  -0.17297,  -0.43692,  -0.39607
  -0.17329,  -0.43654,  -0.39526
  -0.17361,  -0.43616,  -0.39445
  -0.17393,  -0.43578,  -0.39363
  -0.17424,  -0.43540,  -0.39280
  -0.17455,  -0.43503,  -0.39197
  -0.17485,  -0.43466,  -0.39114
  -0.17515,  -0.43429,  -0.39030
  -0.17545,  -0.43393,  -0.38945
  -0.17575,  -0.43357,  -0.38860
  -0.17604,  -0.43321,  -0.38775
  -0.17633,  -0.43286,  -0.38689
  -0.17661,  -0.43250,  -0.38603
  -0.17690,  -0.43216,  -0.38516
  -0.17718,  -0.43181,  -0.38429
  -0.17746,  -0.43147,  -0.38341
  -0.17773,  -0.43114,  -0.38253
  -0.17801,  -0.43080,  -0.38164
  -0.17828,  -0.43048,  -0.38075
  -0.17854,  -0.43015,  -0.37986
  -0.17881,  -0.42983,  -0.37896
  -0.17907,  -0.42952,  -0.37806
  -0.17933,  -0.42920,  -0.37715
  -0.17959,  -0.42890,  -0.37624
  -0.17985,  -0.42859,  -0.37532
  -0.18010,  -0.42830,  -0.37440
  -0.18035,  -0.42800,  -0.37347
  -0.18060,  -0.42771,  -0.37254
  -0.18085,  -0.42743,  -0.37161
  -0.18109,  -0.42715,  -0.37067
  -0.18133,  -0.42688,  -0.36973
  -0.18158,  -0.42661,  -0.36879
  -0.18181,  -0.42634,  -0.36784
  -0.18205,  -0.42609,  -0.36688
  -0.18229,  -0.42583,  -0.36592
  -0.18252,  -0.42559,  -0.36496
  -0.18275,  -0.42534,  -0.36400
  -0.18298,  -0.42511,  -0.36303
  -0.18321,  -0.42488,  -0.36206
  -0.18344,  -0.42465,  -0.36108
  -0.18367,  -0.42443,  -0.36010
  -0.18389,  -0.42422,  -0.35911
  -0.18412,  -0.42401,  -0.35813
  -0.18434,  -0.42381,  -0.35713
  -0.18456,  -0.42362,  -0.35614
  -0.18478,  -0.42343,  -0.35514
  -0.18500,  -0.42325,  -0.35414
  -0.18522,  -0.42307,  -0.35313
  -0.18543,  -0.42290,  -0.35212
  -0.18565,  -0.42274,  -0.35111
  -0.18586,  -0.42259,  -0.35009
  -0.18608,  -0.42244,  -0.34907
  -0.18629,  -0.42229,  -0.34805
  -0.18650,  -0.42216,  -0.34702
  -0.18672,  -0.42203,  -0.34599
  -0.18693,  -0.42191,  -0.34496
  -0.18714,  -0.42180,  -0.34392
  -0.18735,  -0.42169,  -0.34288
  -0.18756,  -0.42159,  -0.34184
  -0.18777,  -0.42150,  -0.34079
  -0.18798,  -0.42142,  -0.33975
  -0.18819,  -0.42134,  -0.33869
  -0.18840,  -0.42127,  -0.33764
  -0.18860,  -0.42121,  -0.33658
  -0.18881,  -0.42115,  -0.33552
  -0.18902,  -0.42111,  -0.33446
  -0.18923,  -0.42107,  -0.33339
  -0.18944,  -0.42104,  -0.33232
  -0.18965,  -0.42102,  -0.33125
  -0.18986,  -0.42100,  -0.33017
  -0.19007,  -0.42100,  -0.32909
  -0.19027,  -0.42100,  -0.32801
  -0.19048,  -0.42101,  -0.32693
  -0.19069,  -0.42103,  -0.32584
  -0.19091,  -0.42106,  -0.32475
  -0.19112,  -0.42109,  -0.32366
  -0.19133,  -0.42114,  -0.32257
  -0.19154,  -0.42119,  -0.32147
  -0.19175,  -0.42125,  -0.32037
  -0.19197,  -0.42132,  -0.31927
  -0.19218,  -0.42140,  -0.31817
  -0.19240,  -0.42149,  -0.31706
  -0.19261,  -0.42158,  -0.31595
  -0.19283,  -0.42169,  -0.31484
  -0.19305,  -0.42181,  -0.31373
  -0.19327,  -0.42193,  -0.31261
  -0.19349,  -0.42206,  -0.31150
  -0.19371,  -0.42220,  -0.31038
  -0.19393,  -0.42236,  -0.30925
  -0.19415,  -0.42252,  -0.30813
  -0.19438,  -0.42269,  -0.30700
  -0.19460,  -0.42287,  -0.30587
  -0.19483,  -0.42305,  -0.30474
  -0.19506,  -0.42325,  -0.30361
  -0.19529,  -0.42346,  -0.30247
  -0.19552,  -0.42368,  -0.30134
  -0.19576,  -0.42391,  -0.30020
  -0.19599,  -0.42414,  -0.29906
  -0.19623,  -0.42439,  -0.29792
  -0.19647,  -0.42464,  -0.29677
  -0.19671,  -0.42491,  -0.29562
  -0.19695,  -0.42519,  -0.29448
  -0.19719,  -0.42547,  -0.29333
  -0.19744,  -0.42577,  -0.29217
  -0.19769,  -0.42607,  -0.29102
  -0.19794,  -0.42639,  -0.28987
  -0.19819,  -0.42672,  -0.28871
  -0.19844,  -0.42705,  -0.28755
  -0.19870,  -0.42740,  -0.28639
  -0.19895,  -0.42775,  -0.28523
  -0.19921,  -0.42812,  -0.28407
  -0.19948,  -0.42850,  -0.28290
  -0.19974,  -0.42888,  -0.28173
  -0.20001,  -0.42928,  -0.28057
  -0.20028,  -0.42969,  -0.27940
  -0.20055,  -0.43011,  -0.27823
  -0.20082,  -0.43053,  -0.27705
  -0.20110,  -0.43097,  -0.27588
  -0.20138,  -0.43142,  -0.27471
  -0.20166,  -0.43188,  -0.27353
  -0.20194,  -0.43235,  -0.27235
  -0.20223,  -0.43283,  -0.27117
  -0.20252,  -0.43332,  -0.26999
  -0.20281,  -0.43382,  -0.26881
  -0.20311,  -0.43434,  -0.26763
  -0.20340,  -0.43486,  -0.26645
  -0.20370,  -0.43539,  -0.26526
  -0.20401,  -0.43594,  -0.26407
  -0.20431,  -0.43649,  -0.26289
  -0.20462,  -0.43706,  -0.26170
  -0.20493,  -0.43763,  -0.26051
  -0.20525,  -0.43822,  -0.25932
  -0.20556,  -0.43882,  -0.25813
  -0.20588,  -0.43943,  -0.25693
  -0.20621,  -0.44005,  -0.25574
  -0.20653,  -0.44068,  -0.25455
  -0.20686,  -0.44132,  -0.25335
  -0.20719,  -0.44197,  -0.25215
  -0.20753,  -0.44263,  -0.25096
  -0.20787,  -0.44330,  -0.24976
  -0.20821,  -0.44399,  -0.24856
  -0.20855,  -0.44468,  -0.24736
  -0.20890,  -0.44539,  -0.24616
  -0.20925,  -0.44610,  -0.24496
  -0.20961,  -0.44683,  -0.24375
  -0.20997,  -0.44757,  -0.24255
  -0.21033,  -0.44832,  -0.24134
  -0.21069,  -0.44908,  -0.24014
  -0.21106,  -0.44985,  -0.23893
  -0.21143,  -0.45063,  -0.23773
  -0.21180,  -0.45142,  -0.23652
  -0.21218,  -0.45223,  -0.23531
  -0.21256,  -0.45304,  -0.23410
  -0.21295,  -0.45386,  -0.23289
  -0.21334,  -0.45470,  -0.23168
  -0.21373,  -0.45555,  -0.23047
  -0.21412,  -0.45640,  -0.22926
  -0.21452,  -0.45727,  -0.22805
  -0.21492,  -0.45815,  -0.22683
  -0.21533,  -0.45904,  -0.22562
  -0.21573,  -0.45994,  -0.22441
  -0.21615,  -0.46085,  -0.22319
  -0.21656,  -0.46177,  -0.22198
  -0.21698,  -0.46270,  -0.22076
  -0.21740,  -0.46365,  -0.21954
  -0.21783,  -0.46460,  -0.21833
  -0.21826,  -0.46557,  -0.21711
  -0.21869,  -0.46654,  -0.21589
  -0.21912,  -0.46753,  -0.21467
  -0.21956,  -0.46852,  -0.21345
  -0.22001,  -0.46953,  -0.21223
  -0.22045,  -0.47055,  -0.21101
  -0.22090,  -0.47157,  -0.20979
  -0.22136,  -0.47261,  -0.20857
  -0.22181,  -0.47366,  -0.20735
  -0.22227,  -0.47472,  -0.20613
  -0.22274,  -0.47579,  -0.20491
  -0.22321,  -0.47687,  -0.20368
  -0.22368,  -0.47796,  -0.20246
  -0.22415,  -0.47906,  -0.20124
  -0.22463,  -0.48017,  -0.20001
  -0.22511,  -0.48129,  -0.19879
  -0.22559,  -0.48242,  -0.19756
  -0.22608,  -0.48357,  -0.19634
  -0.22657,  -0.48472,  -0.19511
  -0.22707,  -0.48588,  -0.19388
  -0.22756,  -0.48705,  -0.19266
  -0.22807,  -0.48823,  -0.19143
  -0.22857,  -0.48942,  -0.19020
  -0.22908,  -0.49063,  -0.18897
  -0.22959,  -0.49184,  -0.18774
  -0.23010,  -0.49306,  -0.18651
  -0.23062,  -0.49429,  -0.18529
  -0.23114,  -0.49553,  -0.18406
  -0.23167,  -0.49678,  -0.18283
  -0.23219,  -0.49804,  -0.18159
  -0.23272,  -0.49931,  -0.18036
  -0.23326,  -0.50059,  -0.17913
  -0.23379,  -0.50188,  -0.17790
  -0.23433,  -0.50318,  -0.17667
  -0.23488,  -0.50449,  -0.17544
  -0.23542,  -0.50581,  -0.17420
  -0.23597,  -0.50714,  -0.17297
  -0.23652,  -0.50847,  -0.17174
  -0.23708,  -0.50982,  -0.17050
  -0.23763,  -0.51118,  -0.16927
  -0.23819,  -0.51254,  -0.16803
  -0.23876,  -0.51391,  -0.16680
  -0.23932,  -0.51530,  -0.16556
  -0.23989,  -0.51669,  -0.16432
  -0.24046,  -0.51809,  -0.16309
  -0.24104,  -0.51950,  -0.16185
  -0.24161,  -0.52091,  -0.16061
  -0.24219,  -0.52234,  -0.15937
  -0.24277,  -0.52378,  -0.15813
  -0.24336,  -0.52522,  -0.15690
  -0.24394,  -0.52667,  -0.15566
  -0.24453,  -0.52813,  -0.15442
  -0.24512,  -0.52960,  -0.15318
  -0.24572,  -0.53108,  -0.15193
  -0.24631,  -0.53257,  -0.15069
  -0.24691,  -0.53406,  -0.14945
  -0.24751,  -0.53557,  -0.14821
  -0.24812,  -0.53708,  -0.14697
