# epsilon_xx, epsilon_yy, epsilon_xy
   0.00000,   0.00000,   0.00000
  -0.00080,   0.00070,  -0.00064
  -0.00159,   0.00140,  -0.00129
  -0.00238,   0.00210,  -0.00194
  -0.00316,   0.00280,  -0.00260
  -0.00393,   0.00350,  -0.00326
  -0.00469,   0.00419,  -0.00393
  -0.00544,   0.00489,  -0.00460
  -0.00619,   0.00558,  -0.00528
  -0.00692,   0.00627,  -0.00596
  -0.00765,   0.00696,  -0.00665
  -0.00837,   0.00764,  -0.00735
  -0.00908,   0.00833,  -0.00804
  -0.00979,   0.00901,  -0.00875
  -0.01048,   0.00969,  -0.00945
  -0.01117,   0.01037,  -0.01016
  -0.01185,   0.01105,  -0.01088
  -0.01252,   0.01173,  -0.01160
  -0.01318,   0.01240,  -0.01233
  -0.01383,   0.01307,  -0.01305
  -0.01448,   0.01374,  -0.01379
  -0.01511,   0.01441,  -0.01452
  -0.01574,   0.01507,  -0.01527
  -0.01636,   0.01573,  -0.01601
  -0.01697,   0.01639,  -0.01676
  -0.01757,   0.01705,  -0.01751
  -0.01816,   0.01771,  -0.01827
  -0.01874,   0.01836,  -0.01903
  -0.01931,   0.01901,  -0.01979
  -0.01988,   0.01966,  -0.02056
  -0.02043,   0.02031,  -0.02133
  -0.02098,   0.02095,  -0.02210
  -0.02152,   0.02159,  -0.02287
  -0.02204,   0.02223,  -0.02365
  -0.02256,   0.02286,  -0.02443
  -0.02307,   0.02350,  -0.02522
  -0.02357,   0.02413,  -0.02601
  -0.02406,   0.02475,  -0.02680
  -0.02454,   0.02538,  -0.02759
  -0.02501,   0.02600,  -0.02839
  -0.02548,   0.02662,  -0.02918
  -0.02593,   0.02723,  -0.02998
  -0.02637,   0.02785,  -0.03079
  -0.02680,   0.02846,  -0.03159
  -0.02723,   0.02906,  -0.03240
  -0.02764,   0.02967,  -0.03321
  -0.02805,   0.03027,  -0.03402
  -0.02844,   0.03086,  -0.03483
  -0.02883,   0.03146,  -0.03564
  -0.02920,   0.03205,  -0.03646
  -0.02957,   0.03263,  -0.03728
  -0.02993,   0.03322,  -0.03810
  -0.03027,   0.03380,  -0.03892
  -0.03061,   0.03438,  -0.03974
  -0.03094,   0.03495,  -0.04056
  -0.03125,   0.03552,  -0.04139
  -0.03156,   0.03609,  -0.04221
  -0.03186,   0.03665,  -0.04304
  -0.03214,   0.03721,  -0.04387
  -0.03242,   0.03777,  -0.04470
  -0.03269,   0.03832,  -0.04552
  -0.03294,   0.03887,  -0.04635
  -0.03319,   0.03941,  -0.04718
  -0.03343,   0.03995,  -0.04802
  -0.03365,   0.04049,  -0.04885
  -0.03387,   0.04102,  -0.04968
  -0.03408,   0.04155,  -0.05051
  -0.03428,   0.04208,  -0.05134
  -0.03446,   0.04260,  -0.05217
  -0.03464,   0.04312,  -0.05301
  -0.03480,   0.04363,  -0.05384
  -0.03496,   0.04414,  -0.05467
  -0.03511,   0.04465,  -0.05550
  -0.03524,   0.04515,  -0.05633
  -0.03537,   0.04564,  -0.05716
  -0.03548,   0.04614,  -0.05799
  -0.03559,   0.04662,  -0.05882
  -0.03568,   0.04711,  -0.05965
  -0.03577,   0.04759,  -0.06048
  -0.03584,   0.04806,  -0.06130
  -0.03590,   0.04854,  -0.06213
  -0.03596,   0.04900,  -0.06295
  -0.03600,   0.04946,  -0.06378
  -0.03604,   0.04992,  -0.06460
  -0.03606,   0.05038,  -0.06542
  -0.03607,   0.05082,  -0.06624
  -0.03607,   0.05127,  -0.06706
  -0.03606,   0.05171,  -0.06787
  -0.03605,   0.05214,  -0.06869
  -0.03602,   0.05257,  -0.06950
  -0.03598,   0.05300,  -0.07031
  -0.03593,   0.05342,  -0.07112
  -0.03587,   0.05384,  -0.07193
  -0.03580,   0.05425,  -0.07273
  -0.03572,   0.05465,  -0.07354
  -0.03563,   0.05505,  -0.07434
  -0.03553,   0.05545,  -0.07514
  -0.03542,   0.05584,  -0.07593
  -0.03530,   0.05623,  -0.07673
  -0.03517,   0.05661,  -0.07752
  -0.03502,   0.05699,  -0.07831
  -0.03487,   0.05736,  -0.07909
  -0.03471,   0.05773,  -0.07987
  -0.03454,   0.05809,  -0.08065
  -0.03436,   0.05844,  -0.08143
  -0.03416,   0.05880,  -0.08220
  -0.03396,   0.05914,  -0.08297
  -0.03375,   0.05948,  -0.08374
  -0.03352,   0.05982,  -0.08450
  -0.03329,   0.06015,  -0.08526
  -0.03304,   0.06047,  -0.08602
  -0.03279,   0.06079,  -0.08677
  -0.03253,   0.06111,  -0.08752
  -0.03225,   0.06142,  -0.08827
  -0.03197,   0.06172,  -0.08901
  -0.03167,   0.06202,  -0.08975
  -0.03137,   0.06231,  -0.09048
  -0.03105,   0.06260,  -0.09121
  -0.03073,   0.06288,  -0.09194
  -0.03040,   0.06316,  -0.09266
  -0.03005,   0.06343,  -0.09338
  -0.02970,   0.06370,  -0.09409
  -0.02933,   0.06396,  -0.09480
  -0.02896,   0.06421,  -0.09550
  -0.02857,   0.06446,  -0.09620
  -0.02818,   0.06470,  -0.09690
  -0.02777,   0.06494,  -0.09759
  -0.02736,   0.06517,  -0.09827
  -0.02694,   0.06540,  -0.09895
  -0.02650,   0.06562,  -0.09962
  -0.02606,   0.06583,  -0.10029
  -0.02561,   0.06604,  -0.10096
  -0.02515,   0.06625,  -0.10162
  -0.02467,   0.06644,  -0.10227
  -0.02419,   0.06664,  -0.10292
  -0.02370,   0.06682,  -0.10356
  -0.02320,   0.06700,  -0.10420
  -0.02269,   0.06718,  -0.10483
  -0.02217,   0.06735,  -0.10546
  -0.02164,   0.06751,  -0.10608
  -0.02110,   0.06767,  -0.10669
  -0.02055,   0.06782,  -0.10730
  -0.01999,   0.06796,  -0.10790
  -0.01943,   0.06810,  -0.10850
  -0.01885,   0.06823,  -0.10909
  -0.01826,   0.06836,  -0.10968
  -0.01767,   0.06848,  -0.11025
  -0.01706,   0.06860,  -0.11082
  -0.01645,   0.06871,  -0.11139
  -0.01583,   0.06881,  -0.11195
  -0.01520,   0.06891,  -0.11250
  -0.01456,   0.06900,  -0.11305
  -0.01391,   0.06909,  -0.11358
  -0.01325,   0.06917,  -0.11412
  -0.01258,   0.06924,  -0.11464
  -0.01191,   0.06931,  -0.11516
  -0.01122,   0.06937,  -0.11567
  -0.01053,   0.06943,  -0.11617
  -0.00982,   0.06947,  -0.11667
  -0.00911,   0.06952,  -0.11716
  -0.00839,   0.06956,  -0.11764
  -0.00766,   0.06959,  -0.11812
  -0.00693,   0.06961,  -0.11859
  -0.00618,   0.06963,  -0.11905
  -0.00543,   0.06964,  -0.11950
  -0.00467,   0.06965,  -0.11995
  -0.00390,   0.06965,  -0.12038
  -0.00312,   0.06965,  -0.12081
  -0.00233,   0.06964,  -0.12124
  -0.00153,   0.06962,  -0.12165
  -0.00073,   0.06959,  -0.12206
   0.00008,   0.06957,  -0.12246
   0.00090,   0.06953,  -0.12285
   0.00173,   0.06949,  -0.12323
   0.00256,   0.06944,  -0.12360
   0.00341,   0.06939,  -0.12397
   0.00426,   0.06933,  -0.12433
   0.00512,   0.06926,  -0.12468
   0.00598,   0.06919,  -0.12502
   0.00686,   0.06911,  -0.12535
   0.00774,   0.06903,  -0.12568
   0.00863,   0.06893,  -0.12599
   0.00952,   0.06884,  -0.12630
   0.01043,   0.06874,  -0.12660
   0.01134,   0.06863,  -0.12689
   0.01226,   0.06851,  -0.12717
   0.01319,   0.06839,  -0.12744
   0.01412,   0.06826,  -0.12771
   0.01506,   0.06813,  -0.12796
   0.01601,   0.06799,  -0.12821
   0.01696,   0.06785,  -0.12845
   0.01792,   0.06770,  -0.12868
   0.01889,   0.06754,  -0.12889
   0.01986,   0.06738,  -0.12910
   0.02085,   0.06721,  -0.12931
   0.02183,   0.06703,  -0.12950
   0.02283,   0.06685,  -0.12968
   0.02383,   0.06667,  -0.12985
   0.02484,   0.06647,  -0.13002
   0.02585,   0.06627,  -0.13017
   0.02687,   0.06607,  -0.13031
   0.02790,   0.06586,  -0.13045
   0.02893,   0.06564,  -0.13058
   0.02997,   0.06542,  -0.13069
   0.03102,   0.06519,  -0.13080
   0.03207,   0.06496,  -0.13089
   0.03313,   0.06472,  -0.13098
   0.03419,   0.06447,  -0.13106
   0.03526,   0.06422,  -0.13113
   0.03633,   0.06396,  -0.13118
   0.03741,   0.06370,  -0.13123
   0.03850,   0.06343,  -0.13127
   0.03959,   0.06316,  -0.13130
   0.04068,   0.06288,  -0.13132
   0.04179,   0.06259,  -0.13132
   0.04289,   0.06230,  -0.13132
   0.04400,   0.06200,  -0.13131
   0.04512,   0.06170,  -0.13129
   0.04624,   0.06139,  -0.13125
   0.04737,   0.06108,  -0.13121
   0.04850,   0.06076,  -0.13116
   0.04964,   0.06043,  -0.13110
   0.05078,   0.06010,  -0.13102
   0.05193,   0.05976,  -0.13094
   0.05308,   0.05942,  -0.13084
   0.05423,   0.05907,  -0.13074
   0.05539,   0.05872,  -0.13063
   0.05656,   0.05836,  -0.13050
   0.05773,   0.05800,  -0.13036
   0.05890,   0.05763,  -0.13022
   0.06008,   0.05725,  -0.13006
   0.06126,   0.05687,  -0.12989
   0.06244,   0.05649,  -0.12972
   0.06363,   0.05610,  -0.12953
   0.06482,   0.05570,  -0.12933
   0.06602,   0.05530,  -0.12912
   0.06722,   0.05490,  -0.12890
   0.06842,   0.05448,  -0.12867
   0.06963,   0.05407,  -0.12842
   0.07084,   0.05365,  -0.12817
   0.07205,   0.05322,  -0.12791
   0.07327,   0.05279,  -0.12763
   0.07449,   0.05235,  -0.12735
   0.07571,   0.05191,  -0.12705
   0.07694,   0.05146,  -0.12675
   0.07817,   0.05101,  -0.12643
   0.07940,   0.05055,  -0.12610
   0.08064,   0.05009,  -0.12576
   0.08187,   0.04963,  -0.12541
   0.08311,   0.04915,  -0.12505
   0.08436,   0.04868,  -0.12468
   0.08560,   0.04820,  -0.12430
   0.08685,   0.04771,  -0.12391
   0.08810,   0.04722,  -0.12350
   0.08935,   0.04673,  -0.12309
   0.09060,   0.04623,  -0.12266
   0.09186,   0.04572,  -0.12222
   0.09312,   0.04521,  -0.12177
   0.09437,   0.04470,  -0.12132
   0.09564,   0.04418,  -0.12084
   0.09690,   0.04366,  -0.12036
   0.09816,   0.04313,  -0.11987
   0.09943,   0.04260,  -0.11937
   0.10070,   0.04207,  -0.11885
   0.10197,   0.04153,  -0.11833
   0.10324,   0.04099,  -0.11779
   0.10451,   0.04044,  -0.11725
   0.10578,   0.03989,  -0.11669
   0.10705,   0.03933,  -0.11612
   0.10833,   0.03877,  -0.11554
   0.10960,   0.03820,  -0.11495
   0.11088,   0.03764,  -0.11434
   0.11215,   0.03706,  -0.11373
   0.11343,   0.03649,  -0.11311
   0.11471,   0.03591,  -0.11247
   0.11599,   0.03532,  -0.11183
   0.11727,   0.03473,  -0.11117
   0.11854,   0.03414,  -0.11050
   0.11982,   0.03355,  -0.10982
   0.12110,   0.03295,  -0.10913
   0.12238,   0.03234,  -0.10843
   0.12366,   0.03174,  -0.10772
   0.12494,   0.03113,  -0.10700
   0.12622,   0.03051,  -0.10626
   0.12750,   0.02990,  -0.10552
   0.12877,   0.02928,  -0.10476
   0.13005,   0.02865,  -0.10399
   0.13133,   0.02802,  -0.10322
   0.13260,   0.02739,  -0.10243
   0.13388,   0.02676,  -0.10163
   0.13515,   0.02612,  -0.10082
   0.13643,   0.02548,  -0.10000
   0.13770,   0.02484,  -0.09917
   0.13897,   0.02419,  -0.09832
   0.14024,   0.02354,  -0.09747
   0.14151,   0.02289,  -0.09661
   0.14278,   0.02223,  -0.09573
   0.14404,   0.02157,  -0.09484
   0.14531,   0.02091,  -0.09395
   0.14657,   0.02025,  -0.09304
   0.14783,   0.01958,  -0.09212
   0.14909,   0.01891,  -0.09120
   0.15035,   0.01824,  -0.09026
   0.15161,   0.01756,  -0.08931
   0.15286,   0.01688,  -0.08835
   0.15411,   0.01620,  -0.08738
   0.15537,   0.01552,  -0.08640
   0.15661,   0.01484,  -0.08540
   0.15786,   0.01415,  -0.08440
   0.15910,   0.01346,  -0.08339
   0.16034,   0.01277,  -0.08237
   0.16158,   0.01207,  -0.08133
   0.16282,   0.01138,  -0.08029
   0.16405,   0.01068,  -0.07923
   0.16528,   0.00998,  -0.07817
   0.16651,   0.00927,  -0.07710
   0.16773,   0.00857,  -0.07601
   0.16895,   0.00786,  -0.07492
   0.17017,   0.00715,  -0.07381
   0.17139,   0.00644,  -0.07269
   0.17260,   0.00573,  -0.07157
   0.17381,   0.00501,  -0.07043
   0.17501,   0.00430,  -0.06929
   0.17622,   0.00358,  -0.06813
   0.17742,   0.00286,  -0.06697
   0.17861,   0.00214,  -0.06579
   0.17980,   0.00142,  -0.06461
   0.18099,   0.00069,  -0.06341
   0.18217,  -0.00003,  -0.06221
   0.18335,  -0.00076,  -0.06099
   0.18453,  -0.00149,  -0.05977
   0.18570,  -0.00222,  -0.05853
   0.18687,  -0.00295,  -0.05729
   0.18803,  -0.00368,  -0.05603
   0.18919,  -0.00441,  -0.05477
   0.19035,  -0.00515,  -0.05350
   0.19150,  -0.00588,  -0.05222
   0.19265,  -0.00662,  -0.05092
   0.19379,  -0.00735,  -0.04962
   0.19493,  -0.00809,  -0.04831
   0.19606,  -0.00883,  -0.04699
   0.19719,  -0.00957,  -0.04567
   0.19831,  -0.01031,  -0.04433
   0.19943,  -0.01105,  -0.04298
   0.20054,  -0.01179,  -0.04162
   0.20165,  -0.01253,  -0.04026
   0.20275,  -0.01327,  -0.03888
   0.20385,  -0.01401,  -0.03750
   0.20495,  -0.01476,  -0.03611
   0.20603,  -0.01550,  -0.03471
   0.20712,  -0.01624,  -0.03330
   0.20819,  -0.01699,  -0.03188
   0.20927,  -0.01773,  -0.03045
   0.21033,  -0.01847,  -0.02902
   0.21139,  -0.01922,  -0.02757
   0.21245,  -0.01996,  -0.02612
   0.21350,  -0.02070,  -0.02466
   0.21454,  -0.02145,  -0.02319
   0.21558,  -0.02219,  -0.02171
   0.21661,  -0.02293,  -0.02022
   0.21764,  -0.02368,  -0.01872
   0.21866,  -0.02442,  -0.01722
   0.21967,  -0.02516,  -0.01571
   0.22068,  -0.02591,  -0.01419
   0.22169,  -0.02665,  -0.01266
   0.22268,  -0.02739,  -0.01113
   0.22367,  -0.02813,  -0.00958
   0.22466,  -0.02887,  -0.00803
   0.22563,  -0.02961,  -0.00647
   0.22660,  -0.03035,  -0.00491
   0.22757,  -0.03108,  -0.00333
   0.22853,  -0.03182,  -0.00175
   0.22948,  -0.03256,  -0.00016
   0.23042,  -0.03329,   0.00144
   0.23136,  -0.03403,   0.00304
   0.23229,  -0.03476,   0.00466
   0.23322,  -0.03549,   0.00628
   0.23414,  -0.03622,   0.00790
   0.23505,  -0.03695,   0.00954
   0.23595,  -0.03768,   0.01118
   0.23685,  -0.03841,   0.01283
   0.23774,  -0.03913,   0.01448
   0.23862,  -0.03986,   0.01614
   0.23950,  -0.04058,   0.01781
   0.24037,  -0.04130,   0.01949
   0.24123,  -0.04202,   0.02117
   0.24209,  -0.04274,   0.02286
   0.24293,  -0.04346,   0.02456
   0.24377,  -0.04418,   0.02626
   0.24461,  -0.04489,   0.02797
   0.24543,  -0.04560,   0.02968
   0.24625,  -0.04631,   0.03140
   0.24706,  -0.04702,   0.03313
   0.24787,  -0.04772,   0.03486
   0.24866,  -0.04843,   0.03660
   0.24945,  -0.04913,   0.03835
   0.25023,  -0.04983,   0.04010
   0.25101,  -0.05053,   0.04186
   0.25177,  -0.05122,   0.04362
   0.25253,  -0.05192,   0.04539
   0.25328,  -0.05261,   0.04717
   0.25402,  -0.05330,   0.04895
   0.25476,  -0.05399,   0.05074
   0.25549,  -0.05467,   0.05253
   0.25621,  -0.05535,   0.05433
   0.25692,  -0.05603,   0.05613
   0.25762,  -0.05671,   0.05794
   0.25832,  -0.05738,   0.05975
   0.25901,  -0.05805,   0.06157
   0.25969,  -0.05872,   0.06339
   0.26036,  -0.05939,   0.06522
   0.26102,  -0.06005,   0.06705
   0.26168,  -0.06071,   0.06889
   0.26233,  -0.06137,   0.07073
   0.26297,  -0.06202,   0.07258
   0.26360,  -0.06267,   0.07443
   0.26422,  -0.06332,   0.07629
   0.26484,  -0.06397,   0.07815
   0.26545,  -0.06461,   0.08001
   0.26604,  -0.06525,   0.08188
   0.26664,  -0.06589,   0.08376
   0.26722,  -0.06652,   0.08563
   0.26779,  -0.06715,   0.08752
   0.26836,  -0.06777,   0.08940
   0.26892,  -0.06840,   0.09129
   0.26947,  -0.06902,   0.09318
   0.27001,  -0.06963,   0.09508
   0.27054,  -0.07024,   0.09698
   0.27107,  -0.07085,   0.09889
   0.27159,  -0.07146,   0.10079
   0.27210,  -0.07206,   0.10271
   0.27260,  -0.07266,   0.10462
   0.27309,  -0.07325,   0.10654
   0.27357,  -0.07384,   0.10846
   0.27405,  -0.07443,   0.11039
   0.27451,  -0.07501,   0.11231
   0.27497,  -0.07559,   0.11424
   0.27542,  -0.07617,   0.11618
   0.27586,  -0.07674,   0.11811
   0.27630,  -0.07730,   0.12005
   0.27672,  -0.07787,   0.12199
   0.27714,  -0.07843,   0.12394
   0.27755,  -0.07898,   0.12588
   0.27795,  -0.07953,   0.12783
   0.27834,  -0.08008,   0.12978
   0.27872,  -0.08062,   0.13174
   0.27910,  -0.08116,   0.13369
   0.27947,  -0.08169,   0.13565
   0.27982,  -0.08222,   0.13761
   0.28017,  -0.08275,   0.13957
   0.28052,  -0.08327,   0.14154
   0.28085,  -0.08378,   0.14350
   0.28117,  -0.08429,   0.14547
   0.28149,  -0.08480,   0.14744
   0.28180,  -0.08530,   0.14941
   0.28210,  -0.08580,   0.15138
   0.28239,  -0.08629,   0.15335
   0.28267,  -0.08678,   0.15533
   0.28295,  -0.08726,   0.15730
   0.28322,  -0.08774,   0.15928
   0.28347,  -0.08822,   0.16126
   0.28372,  -0.08869,   0.16324
   0.28397,  -0.08915,   0.16522
   0.28420,  -0.08961,   0.16720
   0.28443,  -0.09006,   0.16918
   0.28464,  -0.09051,   0.17116
   0.28485,  -0.09096,   0.17315
   0.28505,  -0.09140,   0.17513
   0.28525,  -0.09183,   0.17711
   0.28543,  -0.09226,   0.17910
   0.28561,  -0.09269,   0.18108
   0.28578,  -0.09311,   0.18307
   0.28594,  -0.09352,   0.18505
   0.28609,  -0.09393,   0.18704
   0.28624,  -0.09433,   0.18902
   0.28637,  -0.09473,   0.19101
   0.28650,  -0.09512,   0.19299
   0.28662,  -0.09551,   0.19497
   0.28674,  -0.09589,   0.19696
   0.28684,  -0.09627,   0.19894
   0.28694,  -0.09664,   0.20092
   0.28703,  -0.09701,   0.20291
   0.28711,  -0.09737,   0.20489
   0.28718,  -0.09772,   0.20687
   0.28725,  -0.09807,   0.20885
   0.28731,  -0.09842,   0.21083
   0.28736,  -0.09875,   0.21281
   0.28740,  -0.09909,   0.21479
   0.28744,  -0.09941,   0.21676
   0.28747,  -0.09974,   0.21874
   0.28749,  -0.10005,   0.22071
   0.28750,  -0.10036,   0.22268
   0.28750,  -0.10067,   0.22466
   0.28750,  -0.10096,   0.22663
   0.28749,  -0.10126,   0.22859
   0.28748,  -0.10154,   0.23056
   0.28745,  -0.10183,   0.23252
   0.28742,  -0.10210,   0.23449
   0.28738,  -0.10237,   0.23645
   0.28734,  -0.10263,   0.23841
   0.28728,  -0.10289,   0.24037
   0.28722,  -0.10314,   0.24232
   0.28715,  -0.10339,   0.24427
   0.28708,  -0.10363,   0.24622
   0.28700,  -0.10386,   0.24817
   0.28691,  -0.10409,   0.25012
   0.28682,  -0.10431,   0.25206
   0.28671,  -0.10453,   0.25400
   0.28660,  -0.10474,   0.25594
   0.28649,  -0.10494,   0.25788
   0.28637,  -0.10514,   0.25981
   0.28624,  -0.10533,   0.26174
   0.28610,  -0.10551,   0.26367
   0.28596,  -0.10569,   0.26559
   0.28581,  -0.10586,   0.26752
   0.28565,  -0.10603,   0.26943
   0.28549,  -0.10619,   0.27135
   0.28532,  -0.10634,   0.27326
   0.28515,  -0.10649,   0.27517
   0.28497,  -0.10663,   0.27708
   0.28478,  -0.10677,   0.27898
   0.28459,  -0.10690,   0.28088
   0.28439,  -0.10702,   0.28277
   0.28418,  -0.10713,   0.28466
   0.28397,  -0.10724,   0.28655
   0.28375,  -0.10735,   0.28844
   0.28353,  -0.10744,   0.29032
   0.28330,  -0.10754,   0.29219
   0.28306,  -0.10762,   0.29406
   0.28282,  -0.10770,   0.29593
   0.28258,  -0.10777,   0.29780
   0.28232,  -0.10783,   0.29966
   0.28207,  -0.10789,   0.30151
   0.28180,  -0.10794,   0.30336
   0.28153,  -0.10799,   0.30521
   0.28126,  -0.10803,   0.30706
   0.28098,  -0.10806,   0.30889
   0.28069,  -0.10809,   0.31073
   0.28040,  -0.10811,   0.31256
   0.28011,  -0.10812,   0.31438
   0.27981,  -0.10812,   0.31620
   0.27950,  -0.10812,   0.31802
   0.27919,  -0.10812,   0.31983
   0.27888,  -0.10810,   0.32163
   0.27856,  -0.10808,   0.32343
   0.27823,  -0.10806,   0.32523
   0.27790,  -0.10803,   0.32702
   0.27757,  -0.10799,   0.32880
   0.27723,  -0.10794,   0.33058
   0.27688,  -0.10789,   0.33236
   0.27653,  -0.10783,   0.33413
   0.27618,  -0.10776,   0.33589
   0.27582,  -0.10769,   0.33765
   0.27546,  -0.10761,   0.33940
   0.27510,  -0.10752,   0.34115
   0.27473,  -0.10743,   0.34289
   0.27435,  -0.10733,   0.34463
   0.27397,  -0.10723,   0.34636
   0.27359,  -0.10711,   0.34808
   0.27321,  -0.10699,   0.34980
   0.27282,  -0.10687,   0.35152
   0.27242,  -0.10674,   0.35322
   0.27202,  -0.10660,   0.35493
   0.27162,  -0.10645,   0.35662
   0.27122,  -0.10630,   0.35831
   0.27081,  -0.10614,   0.35999
   0.27040,  -0.10597,   0.36167
   0.26999,  -0.10580,   0.36334
   0.26957,  -0.10562,   0.36501
   0.26915,  -0.10544,   0.36666
   0.26872,  -0.10524,   0.36831
   0.26829,  -0.10505,   0.36996
   0.26786,  -0.10484,   0.37160
   0.26743,  -0.10463,   0.37323
   0.26699,  -0.10441,   0.37486
   0.26656,  -0.10418,   0.37648
   0.26611,  -0.10395,   0.37809
   0.26567,  -0.10371,   0.37969
   0.26522,  -0.10347,   0.38129
   0.26477,  -0.10322,   0.38288
   0.26432,  -0.10296,   0.38447
   0.26387,  -0.10269,   0.38605
   0.26341,  -0.10242,   0.38762
   0.26295,  -0.10214,   0.38918
   0.26249,  -0.10186,   0.39074
   0.26203,  -0.10156,   0.39229
   0.26156,  -0.10126,   0.39383
   0.26110,  -0.10096,   0.39537
   0.26063,  -0.10065,   0.39690
   0.26016,  -0.10033,   0.39842
   0.25969,  -0.10001,   0.39993
   0.25921,  -0.09967,   0.40144
   0.25874,  -0.09934,   0.40294
   0.25826,  -0.09899,   0.40443
   0.25778,  -0.09864,   0.40591
   0.25730,  -0.09828,   0.40739
   0.25682,  -0.09792,   0.40886
   0.25634,  -0.09755,   0.41032
   0.25586,  -0.09717,   0.41178
   0.25537,  -0.09679,   0.41322
   0.25489,  -0.09640,   0.41466
   0.25440,  -0.09600,   0.41609
   0.25391,  -0.09560,   0.41752
   0.25343,  -0.09519,   0.41893
   0.25294,  -0.09477,   0.42034
   0.25245,  -0.09435,   0.42174
   0.25196,  -0.09392,   0.42313
   0.25147,  -0.09348,   0.42452
   0.25098,  -0.09304,   0.42589
   0.25049,  -0.09259,   0.42726
   0.25000,  -0.09214,   0.42862
   0.24951,  -0.09168,   0.42997
   0.24901,  -0.09121,   0.43132
   0.24852,  -0.09074,   0.43265
   0.24803,  -0.09026,   0.43398
   0.24754,  -0.08977,   0.43530
   0.24705,  -0.08928,   0.43661
   0.24656,  -0.08878,   0.43791
   0.24607,  -0.08827,   0.43921
   0.24558,  -0.08776,   0.44049
   0.24509,  -0.08724,   0.44177
   0.24460,  -0.08672,   0.44304
   0.24411,  -0.08619,   0.44430
   0.24363,  -0.08565,   0.44555
   0.24314,  -0.08511,   0.44680
   0.24265,  -0.08456,   0.44803
   0.24217,  -0.08401,   0.44926
   0.24169,  -0.08345,   0.45048
   0.24120,  -0.08288,   0.45169
   0.24072,  -0.08231,   0.45289
   0.24024,  -0.08173,   0.45408
   0.23976,  -0.08114,   0.45527
   0.23928,  -0.08055,   0.45644
   0.23881,  -0.07995,   0.45761
   0.23833,  -0.07935,   0.45877
   0.23786,  -0.07874,   0.45992
   0.23739,  -0.07812,   0.46106
   0.23692,  -0.07750,   0.46219
   0.23645,  -0.07687,   0.46331
   0.23598,  -0.07624,   0.46443
   0.23552,  -0.07560,   0.46553
   0.23505,  -0.07495,   0.46663
   0.23459,  -0.07430,   0.46772
   0.23414,  -0.07364,   0.46880
   0.23368,  -0.07298,   0.46987
   0.23322,  -0.07231,   0.47093
   0.23277,  -0.07164,   0.47198
   0.23232,  -0.07096,   0.47302
   0.23188,  -0.07027,   0.47406
   0.23143,  -0.06958,   0.47508
   0.23099,  -0.06888,   0.47610
   0.23055,  -0.06818,   0.47710
   0.23011,  -0.06747,   0.47810
   0.22968,  -0.06676,   0.47909
   0.22925,  -0.06603,   0.48007
   0.22882,  -0.06531,   0.48104
   0.22840,  -0.06458,   0.48200
   0.22797,  -0.06384,   0.48295
   0.22755,  -0.06310,   0.48390
   0.22714,  -0.06235,   0.48483
   0.22673,  -0.06160,   0.48575
   0.22632,  -0.06084,   0.48667
   0.22591,  -0.06007,   0.48757
   0.22551,  -0.05930,   0.48847
   0.22511,  -0.05853,   0.48936
   0.22471,  -0.05775,   0.49024
   0.22432,  -0.05696,   0.49111
   0.22393,  -0.05617,   0.49197
   0.22355,  -0.05538,   0.49282
   0.22317,  -0.05457,   0.49366
   0.22279,  -0.05377,   0.49449
   0.22241,  -0.05296,   0.49531
   0.22204,  -0.05214,   0.49612
   0.22168,  -0.05132,   0.49693
   0.22132,  -0.05049,   0.49772
   0.22096,  -0.04966,   0.49851
   0.22061,  -0.04882,   0.49928
   0.22026,  -0.04798,   0.50005
   0.21991,  -0.04713,   0.50081
   0.21957,  -0.04627,   0.50155
   0.21924,  -0.04542,   0.50229
   0.21890,  -0.04455,   0.50302
   0.21858,  -0.04369,   0.50374
   0.21825,  -0.04281,   0.50445
   0.21794,  -0.04194,   0.50515
   0.21762,  -0.04106,   0.50584
   0.21731,  -0.04017,   0.50652
   0.21701,  -0.03928,   0.50719
   0.21671,  -0.03838,   0.50785
   0.21642,  -0.03748,   0.50851
   0.21613,  -0.03657,   0.50915
   0.21584,  -0.03566,   0.50978
   0.21556,  -0.03475,   0.51041
   0.21529,  -0.03383,   0.51102
   0.21502,  -0.03291,   0.51163
   0.21475,  -0.03198,   0.51222
   0.21449,  -0.03104,   0.51281
   0.21424,  -0.03011,   0.51338
   0.21399,  -0.02917,   0.51395
   0.21375,  -0.02822,   0.51451
   0.21351,  -0.02727,   0.51506
   0.21328,  -0.02631,   0.51559
   0.21305,  -0.02535,   0.51612
   0.21283,  -0.02439,   0.51664
   0.21261,  -0.02342,   0.51715
   0.21240,  -0.02245,   0.51765
   0.21220,  -0.02147,   0.51814
   0.21200,  -0.02049,   0.51862
   0.21180,  -0.01951,   0.51909
   0.21162,  -0.01852,   0.51955
   0.21143,  -0.01753,   0.52001
   0.21126,  -0.01653,   0.52045
   0.21109,  -0.01553,   0.52088
   0.21092,  -0.01453,   0.52130
   0.21076,  -0.01352,   0.52172
   0.21061,  -0.01251,   0.52212
   0.21046,  -0.01149,   0.52251
   0.21032,  -0.01047,   0.52290
   0.21019,  -0.00945,   0.52327
   0.21006,  -0.00842,   0.52364
   0.20994,  -0.00739,   0.52400
   0.20982,  -0.00635,   0.52434
   0.20971,  -0.00532,   0.52468
   0.20961,  -0.00427,   0.52501
   0.20951,  -0.00323,   0.52532
   0.20942,  -0.00218,   0.52563
   0.20933,  -0.00113,   0.52593
   0.20926,  -0.00007,   0.52622
   0.20918,   0.00099,   0.52650
   0.20912,   0.00205,   0.52676
   0.20906,   0.00312,   0.52702
   0.20901,   0.00419,   0.52727
   0.20896,   0.00526,   0.52751
   0.20892,   0.00633,   0.52775
   0.20889,   0.00741,   0.52797
   0.20886,   0.00849,   0.52818
   0.20884,   0.00958,   0.52838
   0.20883,   0.01067,   0.52857
   0.20882,   0.01176,   0.52875
   0.20882,   0.01285,   0.52893
   0.20883,   0.01395,   0.52909
   0.20884,   0.01505,   0.52924
   0.20886,   0.01616,   0.52939
   0.20889,   0.01726,   0.52952
   0.20892,   0.01837,   0.52965
   0.20896,   0.01948,   0.52976
   0.20901,   0.02060,   0.52987
   0.20906,   0.02171,   0.52996
   0.20912,   0.02283,   0.53005
   0.20919,   0.02396,   0.53013
   0.20926,   0.02508,   0.53019
   0.20935,   0.02621,   0.53025
   0.20943,   0.02734,   0.53030
   0.20953,   0.02847,   0.53034
   0.20963,   0.02961,   0.53037
   0.20974,   0.03074,   0.53039
   0.20986,   0.03188,   0.53040
   0.20998,   0.03302,   0.53040
   0.21011,   0.03417,   0.53039
   0.21025,   0.03532,   0.53037
   0.21039,   0.03646,   0.53034
   0.21054,   0.03762,   0.53030
   0.21070,   0.03877,   0.53025
   0.21087,   0.03992,   0.53019
   0.21104,   0.04108,   0.53013
   0.21122,   0.04224,   0.53005
   0.21141,   0.04340,   0.52996
   0.21160,   0.04456,   0.52987
   0.21180,   0.04573,   0.52976
   0.21201,   0.04689,   0.52964
   0.21222,   0.04806,   0.52952
   0.21244,   0.04923,   0.52938
   0.21267,   0.05040,   0.52924
   0.21291,   0.05158,   0.52909
   0.21315,   0.05275,   0.52892
   0.21340,   0.05393,   0.52875
   0.21366,   0.05511,   0.52857
   0.21393,   0.05629,   0.52837
   0.21420,   0.05747,   0.52817
   0.21448,   0.05865,   0.52796
   0.21476,   0.05983,   0.52774
   0.21506,   0.06102,   0.52751
   0.21536,   0.06221,   0.52727
   0.21566,   0.06339,   0.52702
   0.21598,   0.06458,   0.52676
   0.21630,   0.06577,   0.52649
   0.21663,   0.06696,   0.52621
   0.21696,   0.06816,   0.52592
   0.21731,   0.06935,   0.52563
   0.21766,   0.07054,   0.52532
   0.21801,   0.07174,   0.52500
   0.21838,   0.07293,   0.52468
   0.21875,   0.07413,   0.52434
   0.21913,   0.07533,   0.52399
   0.21951,   0.07653,   0.52364
   0.21991,   0.07773,   0.52327
   0.22031,   0.07893,   0.52290
   0.22071,   0.08013,   0.52252
   0.22112,   0.08133,   0.52212
   0.22155,   0.08253,   0.52172
   0.22197,   0.08373,   0.52131
   0.22241,   0.08493,   0.52088
   0.22285,   0.08614,   0.52045
   0.22330,   0.08734,   0.52001
   0.22375,   0.08854,   0.51956
   0.22422,   0.08975,   0.51910
   0.22468,   0.09095,   0.51863
   0.22516,   0.09216,   0.51815
   0.22564,   0.09336,   0.51766
   0.22613,   0.09456,   0.51716
   0.22663,   0.09577,   0.51665
   0.22713,   0.09697,   0.51613
   0.22764,   0.09818,   0.51560
   0.22816,   0.09938,   0.51507
   0.22869,   0.10059,   0.51452
   0.22922,   0.10179,   0.51396
   0.22975,   0.10299,   0.51340
   0.23030,   0.10420,   0.51282
   0.23085,   0.10540,   0.51223
   0.23141,   0.10660,   0.51164
   0.23197,   0.10781,   0.51103
   0.23254,   0.10901,   0.51042
   0.23312,   0.11021,   0.50980
   0.23370,   0.11141,   0.50916
   0.23430,   0.11261,   0.50852
   0.23489,   0.11381,   0.50787
   0.23550,   0.11501,   0.50720
   0.23611,   0.11621,   0.50653
   0.23672,   0.11741,   0.50585
   0.23735,   0.11860,   0.50516
   0.23798,   0.11980,   0.50446
   0.23862,   0.12100,   0.50374
   0.23926,   0.12219,   0.50302
   0.23991,   0.12338,   0.50229
   0.24056,   0.12457,   0.50155
   0.24122,   0.12577,   0.50080
   0.24189,   0.12696,   0.50005
   0.24257,   0.12814,   0.49928
   0.24325,   0.12933,   0.49850
   0.24394,   0.13052,   0.49771
   0.24463,   0.13170,   0.49691
   0.24533,   0.13289,   0.49610
   0.24603,   0.13407,   0.49529
   0.24675,   0.13525,   0.49446
   0.24746,   0.13643,   0.49362
   0.24819,   0.13761,   0.49278
   0.24892,   0.13878,   0.49192
   0.24965,   0.13996,   0.49106
   0.25039,   0.14113,   0.49018
   0.25114,   0.14230,   0.48930
   0.25190,   0.14347,   0.48840
   0.25265,   0.14464,   0.48750
   0.25342,   0.14580,   0.48658
   0.25419,   0.14697,   0.48566
   0.25497,   0.14813,   0.48472
   0.25575,   0.14929,   0.48378
   0.25654,   0.15044,   0.48283
   0.25733,   0.15160,   0.48187
   0.25813,   0.15275,   0.48089
   0.25894,   0.15390,   0.47991
   0.25975,   0.15505,   0.47892
   0.26056,   0.15620,   0.47792
   0.26139,   0.15734,   0.47690
   0.26221,   0.15849,   0.47588
   0.26305,   0.15963,   0.47485
   0.26388,   0.16076,   0.47381
   0.26473,   0.16190,   0.47276
   0.26558,   0.16303,   0.47170
   0.26643,   0.16416,   0.47063
   0.26729,   0.16529,   0.46955
   0.26815,   0.16641,   0.46846
   0.26902,   0.16753,   0.46736
   0.26990,   0.16865,   0.46625
   0.27078,   0.16977,   0.46513
   0.27166,   0.17088,   0.46400
   0.27255,   0.17199,   0.46286
   0.27345,   0.17310,   0.46171
   0.27435,   0.17420,   0.46055
   0.27525,   0.17530,   0.45939
   0.27616,   0.17640,   0.45821
   0.27708,   0.17749,   0.45702
   0.27800,   0.17858,   0.45582
   0.27892,   0.17967,   0.45461
   0.27985,   0.18076,   0.45340
   0.28079,   0.18184,   0.45217
   0.28172,   0.18292,   0.45093
   0.28267,   0.18399,   0.44968
   0.28361,   0.18506,   0.44843
   0.28457,   0.18613,   0.44716
   0.28552,   0.18720,   0.44588
   0.28648,   0.18826,   0.44459
   0.28745,   0.18931,   0.44330
   0.28842,   0.19037,   0.44199
   0.28939,   0.19142,   0.44067
   0.29037,   0.19246,   0.43935
   0.29135,   0.19351,   0.43801
   0.29234,   0.19454,   0.43666
   0.29333,   0.19558,   0.43531
   0.29433,   0.19661,   0.43394
   0.29532,   0.19764,   0.43256
   0.29633,   0.19866,   0.43118
   0.29734,   0.19968,   0.42978
   0.29835,   0.20069,   0.42838
   0.29936,   0.20170,   0.42696
   0.30038,   0.20271,   0.42553
   0.30140,   0.20371,   0.42410
   0.30243,   0.20471,   0.42265
   0.30346,   0.20570,   0.42120
   0.30449,   0.20669,   0.41973
   0.30553,   0.20767,   0.41825
   0.30657,   0.20865,   0.41677
   0.30762,   0.20963,   0.41527
   0.30867,   0.21060,   0.41377
   0.30972,   0.21157,   0.41225
   0.31077,   0.21253,   0.41073
   0.31183,   0.21349,   0.40919
   0.31290,   0.21444,   0.40764
   0.31396,   0.21539,   0.40609
   0.31503,   0.21633,   0.40452
   0.31610,   0.21727,   0.40295
   0.31718,   0.21820,   0.40136
   0.31826,   0.21913,   0.39977
   0.31934,   0.22005,   0.39816
   0.32042,   0.22097,   0.39654
   0.32151,   0.22189,   0.39492
   0.32260,   0.22280,   0.39328
   0.32370,   0.22370,   0.39164
   0.32479,   0.22460,   0.38998
   0.32589,   0.22549,   0.38832
   0.32699,   0.22638,   0.38664
   0.32810,   0.22726,   0.38496
   0.32921,   0.22814,   0.38326
   0.33032,   0.22901,   0.38155
   0.33143,   0.22988,   0.37984
   0.33255,   0.23074,   0.37811
   0.33367,   0.23160,   0.37638
   0.33479,   0.23245,   0.37463
   0.33591,   0.23330,   0.37288
   0.33704,   0.23414,   0.37111
   0.33817,   0.23497,   0.36933
   0.33930,   0.23580,   0.36755
   0.34043,   0.23662,   0.36575
   0.34157,   0.23744,   0.36395
   0.34270,   0.23825,   0.36213
   0.34385,   0.23906,   0.36031
   0.34499,   0.23986,   0.35847
   0.34613,   0.24065,   0.35663
   0.34728,   0.24144,   0.35477
   0.34843,   0.24222,   0.35291
   0.34958,   0.24300,   0.35103
   0.35073,   0.24377,   0.34914
   0.35189,   0.24454,   0.34725
   0.35304,   0.24530,   0.34534
   0.35420,   0.24605,   0.34343
   0.35536,   0.24680,   0.34150
   0.35652,   0.24754,   0.33957
   0.35769,   0.24827,   0.33762
   0.35885,   0.24900,   0.33567
   0.36002,   0.24973,   0.33371
   0.36119,   0.25044,   0.33173
   0.36236,   0.25115,   0.32975
   0.36353,   0.25186,   0.32775
   0.36471,   0.25255,   0.32575
   0.36588,   0.25324,   0.32373
   0.36706,   0.25393,   0.32171
   0.36824,   0.25461,   0.31968
   0.36942,   0.25528,   0.31763
   0.37060,   0.25595,   0.31558
   0.37178,   0.25661,   0.31352
   0.37296,   0.25726,   0.31144
   0.37415,   0.25791,   0.30936
   0.37533,   0.25855,   0.30727
   0.37652,   0.25918,   0.30517
   0.37771,   0.25981,   0.30305
   0.37890,   0.26043,   0.30093
   0.38009,   0.26104,   0.29880
   0.38128,   0.26165,   0.29666
   0.38247,   0.26225,   0.29451
   0.38367,   0.26284,   0.29235
   0.38486,   0.26343,   0.29018
   0.38605,   0.26401,   0.28800
   0.38725,   0.26458,   0.28581
   0.38845,   0.26515,   0.28361
   0.38965,   0.26571,   0.28140
   0.39084,   0.26626,   0.27918
   0.39204,   0.26681,   0.27696
   0.39324,   0.26735,   0.27472
   0.39444,   0.26788,   0.27247
   0.39564,   0.26840,   0.27022
   0.39684,   0.26892,   0.26795
   0.39805,   0.26943,   0.26567
   0.39925,   0.26994,   0.26339
   0.40045,   0.27044,   0.26109
   0.40166,   0.27093,   0.25879
   0.40286,   0.27141,   0.25648
   0.40406,   0.27189,   0.25416
   0.40527,   0.27236,   0.25182
   0.40647,   0.27282,   0.24948
   0.40768,   0.27327,   0.24713
   0.40888,   0.27372,   0.24477
