# epsilon_xx, epsilon_yy, epsilon_xy
   0.00000,   0.00000,   0.00000
   0.00008,  -0.00005,  -0.00012
   0.00016,  -0.00009,  -0.00025
   0.00025,  -0.00013,  -0.00038
   0.00033,  -0.00017,  -0.00051
   0.00043,  -0.00021,  -0.00064
   0.00052,  -0.00023,  -0.00077
   0.00062,  -0.00026,  -0.00090
   0.00073,  -0.00028,  -0.00103
   0.00084,  -0.00030,  -0.00117
   0.00095,  -0.00031,  -0.00131
   0.00106,  -0.00032,  -0.00144
   0.00118,  -0.00033,  -0.00158
   0.00130,  -0.00033,  -0.00173
   0.00143,  -0.00033,  -0.00187
   0.00156,  -0.00033,  -0.00201
   0.00169,  -0.00032,  -0.00216
   0.00183,  -0.00031,  -0.00231
   0.00197,  -0.00030,  -0.00246
   0.00211,  -0.00028,  -0.00261
   0.00225,  -0.00026,  -0.00276
   0.00240,  -0.00023,  -0.00291
   0.00256,  -0.00020,  -0.00307
   0.00271,  -0.00017,  -0.00323
   0.00287,  -0.00014,  -0.00339
   0.00304,  -0.00010,  -0.00355
   0.00320,  -0.00006,  -0.00371
   0.00337,  -0.00001,  -0.00388
   0.00355,   0.00003,  -0.00404
   0.00372,   0.00008,  -0.00421
   0.00390,   0.00014,  -0.00438
   0.00409,   0.00019,  -0.00455
   0.00427,   0.00025,  -0.00473
   0.00446,   0.00032,  -0.00490
   0.00465,   0.00038,  -0.00508
   0.00485,   0.00045,  -0.00526
   0.00505,   0.00052,  -0.00544
   0.00525,   0.00059,  -0.00563
   0.00545,   0.00067,  -0.00581
   0.00566,   0.00075,  -0.00600
   0.00587,   0.00083,  -0.00619
   0.00608,   0.00092,  -0.00638
   0.00630,   0.00100,  -0.00657
   0.00652,   0.00109,  -0.00677
   0.00674,   0.00119,  -0.00696
   0.00696,   0.00128,  -0.00716
   0.00719,   0.00138,  -0.00737
   0.00742,   0.00148,  -0.00757
   0.00765,   0.00158,  -0.00777
   0.00789,   0.00169,  -0.00798
   0.00813,   0.00179,  -0.00819
   0.00837,   0.00190,  -0.00840
   0.00861,   0.00201,  -0.00861
   0.00886,   0.00213,  -0.00883
   0.00911,   0.00224,  -0.00905
   0.00936,   0.00236,  -0.00927
   0.00962,   0.00248,  -0.00949
   0.00987,   0.00260,  -0.00971
   0.01013,   0.00273,  -0.00994
   0.01039,   0.00285,  -0.01017
   0.01066,   0.00298,  -0.01040
   0.01093,   0.00311,  -0.01063
   0.01119,   0.00324,  -0.01086
   0.01147,   0.00338,  -0.01110
   0.01174,   0.00351,  -0.01134
   0.01202,   0.00365,  -0.01158
   0.01229,   0.00379,  -0.01182
   0.01257,   0.00393,  -0.01206
   0.01286,   0.00407,  -0.01231
   0.01314,   0.00421,  -0.01256
   0.01343,   0.00436,  -0.01281
   0.01372,   0.00451,  -0.01306
   0.01401,   0.00465,  -0.01332
   0.01430,   0.00480,  -0.01358
   0.01460,   0.00496,  -0.01384
   0.01490,   0.00511,  -0.01410
   0.01520,   0.00526,  -0.01436
   0.01550,   0.00542,  -0.01463
   0.01580,   0.00557,  -0.01489
   0.01611,   0.00573,  -0.01516
   0.01642,   0.00589,  -0.01543
   0.01672,   0.00605,  -0.01571
   0.01704,   0.00621,  -0.01598
   0.01735,   0.00637,  -0.01626
   0.01766,   0.00654,  -0.01654
   0.01798,   0.00670,  -0.01682
   0.01830,   0.00687,  -0.01711
   0.01862,   0.00703,  -0.01739
   0.01894,   0.00720,  -0.01768
   0.01926,   0.00737,  -0.01797
   0.01958,   0.00754,  -0.01826
   0.01991,   0.00771,  -0.01855
   0.02024,   0.00788,  -0.01885
   0.02057,   0.00805,  -0.01915
   0.02090,   0.00822,  -0.01945
   0.02123,   0.00839,  -0.01975
   0.02156,   0.00856,  -0.02005
   0.02190,   0.00874,  -0.02036
   0.02223,   0.00891,  -0.02066
   0.02257,   0.00908,  -0.02097
   0.02291,   0.00926,  -0.02128
   0.02325,   0.00943,  -0.02160
   0.02359,   0.00961,  -0.02191
   0.02393,   0.00979,  -0.02223
   0.02427,   0.00996,  -0.02254
   0.02462,   0.01014,  -0.02286
   0.02496,   0.01032,  -0.02319
   0.02531,   0.01049,  -0.02351
   0.02566,   0.01067,  -0.02383
   0.02600,   0.01085,  -0.02416
   0.02635,   0.01102,  -0.02449
   0.02670,   0.01120,  -0.02482
   0.02705,   0.01138,  -0.02515
   0.02741,   0.01156,  -0.02548
   0.02776,   0.01173,  -0.02582
   0.02811,   0.01191,  -0.02615
   0.02847,   0.01209,  -0.02649
   0.02882,   0.01226,  -0.02683
   0.02918,   0.01244,  -0.02717
   0.02953,   0.01262,  -0.02751
   0.02989,   0.01279,  -0.02786
   0.03025,   0.01297,  -0.02820
   0.03060,   0.01315,  -0.02855
   0.03096,   0.01332,  -0.02890
   0.03132,   0.01350,  -0.02925
   0.03168,   0.01367,  -0.02960
   0.03204,   0.01384,  -0.02995
   0.03240,   0.01402,  -0.03031
   0.03276,   0.01419,  -0.03066
   0.03312,   0.01436,  -0.03102
   0.03348,   0.01454,  -0.03137
   0.03384,   0.01471,  -0.03173
   0.03421,   0.01488,  -0.03209
   0.03457,   0.01505,  -0.03245
   0.03493,   0.01522,  -0.03282
   0.03529,   0.01539,  -0.03318
   0.03565,   0.01556,  -0.03354
   0.03602,   0.01572,  -0.03391
   0.03638,   0.01589,  -0.03427
   0.03674,   0.01605,  -0.03464
   0.03710,   0.01622,  -0.03501
   0.03746,   0.01638,  -0.03538
   0.03783,   0.01655,  -0.03575
   0.03819,   0.01671,  -0.03612
   0.03855,   0.01687,  -0.03649
   0.03891,   0.01703,  -0.03686
   0.03927,   0.01719,  -0.03724
   0.03963,   0.01734,  -0.03761
   0.03999,   0.01750,  -0.03798
   0.04035,   0.01766,  -0.03836
   0.04071,   0.01781,  -0.03873
   0.04107,   0.01796,  -0.03911
   0.04143,   0.01812,  -0.03949
   0.04179,   0.01827,  -0.03986
   0.04215,   0.01842,  -0.04024
   0.04251,   0.01856,  -0.04062
   0.04286,   0.01871,  -0.04100
   0.04322,   0.01886,  -0.04138
   0.04358,   0.01900,  -0.04176
   0.04393,   0.01914,  -0.04214
   0.04429,   0.01929,  -0.04252
   0.04464,   0.01942,  -0.04290
   0.04499,   0.01956,  -0.04328
   0.04534,   0.01970,  -0.04366
   0.04570,   0.01984,  -0.04404
   0.04605,   0.01997,  -0.04442
   0.04640,   0.02010,  -0.04480
   0.04674,   0.02023,  -0.04518
   0.04709,   0.02036,  -0.04556
   0.04744,   0.02049,  -0.04594
   0.04779,   0.02061,  -0.04632
   0.04813,   0.02074,  -0.04670
   0.04847,   0.02086,  -0.04708
   0.04882,   0.02098,  -0.04746
   0.04916,   0.02110,  -0.04784
   0.04950,   0.02122,  -0.04822
   0.04984,   0.02133,  -0.04860
   0.05017,   0.02145,  -0.04898
   0.05051,   0.02156,  -0.04936
   0.05084,   0.02167,  -0.04974
   0.05118,   0.02177,  -0.05011
   0.05151,   0.02188,  -0.05049
   0.05184,   0.02198,  -0.05087
   0.05217,   0.02209,  -0.05124
   0.05250,   0.02219,  -0.05161
   0.05282,   0.02228,  -0.05199
   0.05315,   0.02238,  -0.05236
   0.05347,   0.02248,  -0.05273
   0.05379,   0.02257,  -0.05310
   0.05411,   0.02266,  -0.05347
   0.05443,   0.02275,  -0.05384
   0.05475,   0.02283,  -0.05421
   0.05506,   0.02291,  -0.05458
   0.05538,   0.02300,  -0.05494
   0.05569,   0.02308,  -0.05531
   0.05600,   0.02315,  -0.05567
   0.05631,   0.02323,  -0.05604
   0.05661,   0.02330,  -0.05640
   0.05692,   0.02337,  -0.05676
   0.05722,   0.02344,  -0.05711
   0.05752,   0.02351,  -0.05747
   0.05782,   0.02357,  -0.05783
   0.05811,   0.02363,  -0.05818
   0.05840,   0.02369,  -0.05853
   0.05870,   0.02375,  -0.05888
   0.05899,   0.02380,  -0.05923
   0.05927,   0.02386,  -0.05958
   0.05956,   0.02391,  -0.05992
   0.05984,   0.02396,  -0.06027
   0.06012,   0.02400,  -0.06061
   0.06040,   0.02404,  -0.06095
   0.06068,   0.02409,  -0.06129
   0.06095,   0.02412,  -0.06162
   0.06122,   0.02416,  -0.06196
   0.06149,   0.02419,  -0.06229
   0.06176,   0.02422,  -0.06262
   0.06202,   0.02425,  -0.06295
   0.06228,   0.02428,  -0.06327
   0.06254,   0.02430,  -0.06359
   0.06280,   0.02432,  -0.06391
   0.06305,   0.02434,  -0.06423
   0.06330,   0.02436,  -0.06455
   0.06355,   0.02437,  -0.06486
   0.06380,   0.02439,  -0.06517
   0.06404,   0.02439,  -0.06548
   0.06428,   0.02440,  -0.06578
   0.06452,   0.02440,  -0.06608
   0.06475,   0.02441,  -0.06638
   0.06498,   0.02440,  -0.06668
   0.06521,   0.02440,  -0.06697
   0.06544,   0.02439,  -0.06726
   0.06566,   0.02438,  -0.06755
   0.06588,   0.02437,  -0.06784
   0.06610,   0.02436,  -0.06812
   0.06631,   0.02434,  -0.06840
   0.06652,   0.02432,  -0.06867
   0.06673,   0.02430,  -0.06894
   0.06694,   0.02428,  -0.06921
   0.06714,   0.02425,  -0.06948
   0.06734,   0.02422,  -0.06974
   0.06753,   0.02419,  -0.07000
   0.06773,   0.02415,  -0.07026
   0.06791,   0.02411,  -0.07051
   0.06810,   0.02407,  -0.07075
   0.06828,   0.02403,  -0.07100
   0.06846,   0.02399,  -0.07124
   0.06864,   0.02394,  -0.07148
   0.06881,   0.02389,  -0.07171
   0.06898,   0.02383,  -0.07194
   0.06915,   0.02378,  -0.07216
   0.06931,   0.02372,  -0.07239
   0.06947,   0.02366,  -0.07260
   0.06962,   0.02359,  -0.07282
   0.06977,   0.02353,  -0.07303
   0.06992,   0.02346,  -0.07323
   0.07007,   0.02338,  -0.07343
   0.07021,   0.02331,  -0.07363
   0.07034,   0.02323,  -0.07382
   0.07048,   0.02315,  -0.07401
   0.07061,   0.02307,  -0.07419
   0.07073,   0.02298,  -0.07437
   0.07086,   0.02290,  -0.07455
   0.07098,   0.02281,  -0.07472
   0.07109,   0.02271,  -0.07488
   0.07120,   0.02262,  -0.07504
   0.07131,   0.02252,  -0.07520
   0.07141,   0.02242,  -0.07535
   0.07151,   0.02231,  -0.07550
   0.07161,   0.02221,  -0.07564
   0.07170,   0.02210,  -0.07577
   0.07179,   0.02199,  -0.07591
   0.07187,   0.02187,  -0.07603
   0.07195,   0.02175,  -0.07615
   0.07203,   0.02163,  -0.07627
   0.07210,   0.02151,  -0.07638
   0.07217,   0.02139,  -0.07649
   0.07223,   0.02126,  -0.07659
   0.07229,   0.02113,  -0.07668
   0.07234,   0.02100,  -0.07677
   0.07239,   0.02086,  -0.07686
   0.07244,   0.02072,  -0.07694
   0.07248,   0.02058,  -0.07701
   0.07252,   0.02044,  -0.07708
   0.07256,   0.02030,  -0.07714
   0.07259,   0.02015,  -0.07720
   0.07261,   0.02000,  -0.07725
   0.07263,   0.01984,  -0.07730
   0.07265,   0.01969,  -0.07734
   0.07266,   0.01953,  -0.07737
   0.07267,   0.01937,  -0.07740
   0.07267,   0.01920,  -0.07742
   0.07267,   0.01904,  -0.07744
   0.07267,   0.01887,  -0.07745
   0.07266,   0.01870,  -0.07745
   0.07264,   0.01853,  -0.07745
   0.07262,   0.01835,  -0.07744
   0.07260,   0.01817,  -0.07743
   0.07257,   0.01799,  -0.07741
   0.07254,   0.01781,  -0.07738
   0.07250,   0.01762,  -0.07734
   0.07246,   0.01743,  -0.07730
   0.07241,   0.01724,  -0.07726
   0.07236,   0.01705,  -0.07721
   0.07231,   0.01686,  -0.07715
   0.07225,   0.01666,  -0.07708
   0.07218,   0.01646,  -0.07701
   0.07211,   0.01626,  -0.07693
   0.07204,   0.01605,  -0.07684
   0.07196,   0.01584,  -0.07675
   0.07187,   0.01563,  -0.07665
   0.07178,   0.01542,  -0.07655
   0.07169,   0.01521,  -0.07643
   0.07159,   0.01499,  -0.07631
   0.07149,   0.01477,  -0.07619
   0.07138,   0.01455,  -0.07605
   0.07127,   0.01433,  -0.07591
   0.07115,   0.01410,  -0.07577
   0.07103,   0.01388,  -0.07561
   0.07090,   0.01365,  -0.07545
   0.07076,   0.01342,  -0.07528
   0.07063,   0.01318,  -0.07510
   0.07048,   0.01295,  -0.07492
   0.07034,   0.01271,  -0.07473
   0.07018,   0.01247,  -0.07453
   0.07002,   0.01222,  -0.07433
   0.06986,   0.01198,  -0.07411
   0.06969,   0.01173,  -0.07389
   0.06952,   0.01148,  -0.07366
   0.06934,   0.01123,  -0.07343
   0.06916,   0.01098,  -0.07319
   0.06897,   0.01072,  -0.07294
   0.06878,   0.01047,  -0.07268
   0.06858,   0.01021,  -0.07241
   0.06837,   0.00995,  -0.07214
   0.06817,   0.00968,  -0.07186
   0.06795,   0.00942,  -0.07157
   0.06773,   0.00915,  -0.07127
   0.06751,   0.00888,  -0.07097
   0.06728,   0.00861,  -0.07066
   0.06704,   0.00834,  -0.07034
   0.06680,   0.00806,  -0.07001
   0.06656,   0.00779,  -0.06967
   0.06631,   0.00751,  -0.06933
   0.06605,   0.00723,  -0.06898
   0.06579,   0.00695,  -0.06862
   0.06552,   0.00666,  -0.06825
   0.06525,   0.00638,  -0.06787
   0.06498,   0.00609,  -0.06749
   0.06469,   0.00580,  -0.06710
   0.06441,   0.00551,  -0.06670
   0.06411,   0.00522,  -0.06629
   0.06382,   0.00493,  -0.06587
   0.06351,   0.00463,  -0.06545
   0.06320,   0.00433,  -0.06501
   0.06289,   0.00404,  -0.06457
   0.06257,   0.00374,  -0.06412
   0.06225,   0.00343,  -0.06367
   0.06192,   0.00313,  -0.06320
   0.06158,   0.00283,  -0.06272
   0.06124,   0.00252,  -0.06224
   0.06089,   0.00221,  -0.06175
   0.06054,   0.00190,  -0.06125
   0.06019,   0.00159,  -0.06074
   0.05982,   0.00128,  -0.06022
   0.05946,   0.00097,  -0.05970
   0.05908,   0.00065,  -0.05917
   0.05870,   0.00033,  -0.05862
   0.05832,   0.00002,  -0.05807
   0.05793,  -0.00030,  -0.05751
   0.05754,  -0.00062,  -0.05694
   0.05714,  -0.00094,  -0.05637
   0.05673,  -0.00127,  -0.05578
   0.05632,  -0.00159,  -0.05519
   0.05591,  -0.00192,  -0.05459
   0.05548,  -0.00224,  -0.05398
   0.05506,  -0.00257,  -0.05336
   0.05462,  -0.00290,  -0.05273
   0.05419,  -0.00323,  -0.05209
   0.05374,  -0.00356,  -0.05144
   0.05330,  -0.00389,  -0.05079
   0.05284,  -0.00422,  -0.05013
   0.05238,  -0.00456,  -0.04945
   0.05192,  -0.00489,  -0.04877
   0.05145,  -0.00523,  -0.04808
   0.05097,  -0.00557,  -0.04738
   0.05049,  -0.00590,  -0.04668
   0.05001,  -0.00624,  -0.04596
   0.04952,  -0.00658,  -0.04524
   0.04902,  -0.00692,  -0.04450
   0.04852,  -0.00726,  -0.04376
   0.04801,  -0.00761,  -0.04301
   0.04750,  -0.00795,  -0.04225
   0.04698,  -0.00829,  -0.04148
   0.04645,  -0.00864,  -0.04070
   0.04593,  -0.00898,  -0.03992
   0.04539,  -0.00933,  -0.03912
   0.04485,  -0.00968,  -0.03832
   0.04431,  -0.01002,  -0.03751
   0.04376,  -0.01037,  -0.03668
   0.04320,  -0.01072,  -0.03585
   0.04264,  -0.01107,  -0.03501
   0.04208,  -0.01142,  -0.03417
   0.04150,  -0.01177,  -0.03331
   0.04093,  -0.01212,  -0.03244
   0.04035,  -0.01247,  -0.03157
   0.03976,  -0.01282,  -0.03068
   0.03917,  -0.01317,  -0.02979
   0.03857,  -0.01353,  -0.02889
   0.03797,  -0.01388,  -0.02798
   0.03736,  -0.01423,  -0.02706
   0.03675,  -0.01459,  -0.02613
   0.03613,  -0.01494,  -0.02520
   0.03551,  -0.01529,  -0.02425
   0.03488,  -0.01565,  -0.02330
   0.03425,  -0.01600,  -0.02234
   0.03361,  -0.01636,  -0.02136
   0.03296,  -0.01671,  -0.02038
   0.03231,  -0.01707,  -0.01939
   0.03166,  -0.01742,  -0.01840
   0.03100,  -0.01778,  -0.01739
   0.03034,  -0.01814,  -0.01638
   0.02967,  -0.01849,  -0.01535
   0.02900,  -0.01885,  -0.01432
   0.02832,  -0.01920,  -0.01328
   0.02763,  -0.01956,  -0.01223
   0.02695,  -0.01991,  -0.01117
   0.02625,  -0.02027,  -0.01010
   0.02555,  -0.02063,  -0.00903
   0.02485,  -0.02098,  -0.00794
   0.02414,  -0.02134,  -0.00685
   0.02343,  -0.02169,  -0.00575
   0.02271,  -0.02205,  -0.00464
   0.02199,  -0.02240,  -0.00352
   0.02126,  -0.02276,  -0.00239
   0.02053,  -0.02311,  -0.00126
   0.01979,  -0.02346,  -0.00011
   0.01905,  -0.02382,   0.00104
   0.01830,  -0.02417,   0.00220
   0.01755,  -0.02452,   0.00337
   0.01680,  -0.02488,   0.00455
   0.01604,  -0.02523,   0.00573
   0.01527,  -0.02558,   0.00693
   0.01450,  -0.02593,   0.00813
   0.01373,  -0.02628,   0.00934
   0.01295,  -0.02663,   0.01056
   0.01217,  -0.02698,   0.01179
   0.01138,  -0.02733,   0.01302
   0.01059,  -0.02768,   0.01427
   0.00979,  -0.02803,   0.01552
   0.00899,  -0.02838,   0.01678
   0.00818,  -0.02872,   0.01804
   0.00737,  -0.02907,   0.01932
   0.00656,  -0.02942,   0.02060
   0.00574,  -0.02976,   0.02190
   0.00492,  -0.03011,   0.02320
   0.00409,  -0.03045,   0.02450
   0.00326,  -0.03079,   0.02582
   0.00243,  -0.03113,   0.02714
   0.00159,  -0.03147,   0.02847
   0.00074,  -0.03181,   0.02981
  -0.00010,  -0.03215,   0.03116
  -0.00095,  -0.03249,   0.03251
  -0.00181,  -0.03283,   0.03388
  -0.00267,  -0.03316,   0.03525
  -0.00353,  -0.03350,   0.03662
  -0.00440,  -0.03383,   0.03801
  -0.00527,  -0.03417,   0.03940
  -0.00615,  -0.03450,   0.04080
  -0.00702,  -0.03483,   0.04221
  -0.00791,  -0.03516,   0.04362
  -0.00879,  -0.03549,   0.04505
  -0.00968,  -0.03582,   0.04648
  -0.01058,  -0.03614,   0.04791
  -0.01147,  -0.03647,   0.04936
  -0.01237,  -0.03679,   0.05081
  -0.01328,  -0.03712,   0.05227
  -0.01419,  -0.03744,   0.05373
  -0.01510,  -0.03776,   0.05520
  -0.01601,  -0.03808,   0.05668
  -0.01693,  -0.03840,   0.05817
  -0.01785,  -0.03871,   0.05966
  -0.01878,  -0.03903,   0.06116
  -0.01971,  -0.03934,   0.06267
  -0.02064,  -0.03965,   0.06418
  -0.02157,  -0.03996,   0.06570
  -0.02251,  -0.04027,   0.06723
  -0.02345,  -0.04058,   0.06877
  -0.02439,  -0.04089,   0.07031
  -0.02534,  -0.04119,   0.07185
  -0.02629,  -0.04149,   0.07341
  -0.02724,  -0.04180,   0.07497
  -0.02820,  -0.04210,   0.07653
  -0.02916,  -0.04240,   0.07810
  -0.03012,  -0.04269,   0.07968
  -0.03109,  -0.04299,   0.08127
  -0.03205,  -0.04328,   0.08286
  -0.03302,  -0.04357,   0.08446
  -0.03400,  -0.04386,   0.08606
  -0.03497,  -0.04415,   0.08767
  -0.03595,  -0.04444,   0.08928
  -0.03693,  -0.04472,   0.09090
  -0.03791,  -0.04501,   0.09253
  -0.03890,  -0.04529,   0.09416
  -0.03988,  -0.04557,   0.09580
  -0.04087,  -0.04584,   0.09744
  -0.04187,  -0.04612,   0.09909
  -0.04286,  -0.04639,   0.10075
  -0.04386,  -0.04667,   0.10241
  -0.04486,  -0.04694,   0.10407
  -0.04586,  -0.04720,   0.10575
  -0.04686,  -0.04747,   0.10742
  -0.04786,  -0.04773,   0.10910
  -0.04887,  -0.04800,   0.11079
  -0.04988,  -0.04826,   0.11248
  -0.05089,  -0.04851,   0.11418
  -0.05190,  -0.04877,   0.11588
  -0.05292,  -0.04902,   0.11759
  -0.05393,  -0.04928,   0.11930
  -0.05495,  -0.04953,   0.12101
  -0.05597,  -0.04977,   0.12274
  -0.05699,  -0.05002,   0.12446
  -0.05801,  -0.05026,   0.12619
  -0.05903,  -0.05050,   0.12793
  -0.06006,  -0.05074,   0.12966
  -0.06108,  -0.05098,   0.13141
  -0.06211,  -0.05121,   0.13316
  -0.06314,  -0.05145,   0.13491
  -0.06417,  -0.05168,   0.13666
  -0.06520,  -0.05190,   0.13842
  -0.06623,  -0.05213,   0.14019
  -0.06726,  -0.05235,   0.14196
  -0.06830,  -0.05257,   0.14373
  -0.06933,  -0.05279,   0.14550
  -0.07037,  -0.05301,   0.14728
  -0.07140,  -0.05322,   0.14907
  -0.07244,  -0.05344,   0.15085
  -0.07348,  -0.05364,   0.15264
  -0.07452,  -0.05385,   0.15444
  -0.07556,  -0.05406,   0.15623
  -0.07660,  -0.05426,   0.15803
  -0.07764,  -0.05446,   0.15984
  -0.07868,  -0.05465,   0.16165
  -0.07972,  -0.05485,   0.16345
  -0.08076,  -0.05504,   0.16527
  -0.08180,  -0.05523,   0.16708
  -0.08284,  -0.05542,   0.16890
  -0.08388,  -0.05560,   0.17072
  -0.08492,  -0.05579,   0.17255
  -0.08596,  -0.05597,   0.17438
  -0.08700,  -0.05614,   0.17620
  -0.08804,  -0.05632,   0.17804
  -0.08909,  -0.05649,   0.17987
  -0.09013,  -0.05666,   0.18171
  -0.09117,  -0.05683,   0.18355
  -0.09221,  -0.05699,   0.18539
  -0.09324,  -0.05715,   0.18723
  -0.09428,  -0.05731,   0.18908
  -0.09532,  -0.05747,   0.19092
  -0.09636,  -0.05762,   0.19277
  -0.09740,  -0.05777,   0.19462
  -0.09843,  -0.05792,   0.19648
  -0.09947,  -0.05807,   0.19833
  -0.10050,  -0.05821,   0.20019
  -0.10154,  -0.05835,   0.20204
  -0.10257,  -0.05849,   0.20390
  -0.10360,  -0.05863,   0.20576
  -0.10463,  -0.05876,   0.20762
  -0.10566,  -0.05889,   0.20949
  -0.10669,  -0.05902,   0.21135
  -0.10771,  -0.05914,   0.21321
  -0.10874,  -0.05926,   0.21508
  -0.10976,  -0.05938,   0.21695
  -0.11079,  -0.05950,   0.21881
  -0.11181,  -0.05961,   0.22068
  -0.11283,  -0.05972,   0.22255
  -0.11384,  -0.05983,   0.22442
  -0.11486,  -0.05994,   0.22629
  -0.11587,  -0.06004,   0.22816
  -0.11689,  -0.06014,   0.23003
  -0.11790,  -0.06024,   0.23190
  -0.11890,  -0.06033,   0.23377
  -0.11991,  -0.06042,   0.23564
  -0.12091,  -0.06051,   0.23751
  -0.12192,  -0.06060,   0.23938
  -0.12292,  -0.06068,   0.24125
  -0.12391,  -0.06077,   0.24312
  -0.12491,  -0.06084,   0.24498
  -0.12590,  -0.06092,   0.24685
  -0.12689,  -0.06099,   0.24872
  -0.12788,  -0.06106,   0.25059
  -0.12886,  -0.06113,   0.25246
  -0.12984,  -0.06119,   0.25432
  -0.13082,  -0.06125,   0.25619
  -0.13180,  -0.06131,   0.25805
  -0.13277,  -0.06137,   0.25991
  -0.13374,  -0.06142,   0.26178
  -0.13471,  -0.06147,   0.26364
  -0.13568,  -0.06152,   0.26550
  -0.13664,  -0.06157,   0.26735
  -0.13760,  -0.06161,   0.26921
  -0.13855,  -0.06165,   0.27107
  -0.13950,  -0.06168,   0.27292
  -0.14045,  -0.06172,   0.27477
  -0.14140,  -0.06175,   0.27662
  -0.14234,  -0.06178,   0.27847
  -0.14327,  -0.06180,   0.28032
  -0.14421,  -0.06183,   0.28216
  -0.14514,  -0.06185,   0.28400
  -0.14606,  -0.06187,   0.28584
  -0.14699,  -0.06188,   0.28768
  -0.14791,  -0.06189,   0.28952
  -0.14882,  -0.06190,   0.29135
  -0.14973,  -0.06191,   0.29318
  -0.15064,  -0.06191,   0.29501
  -0.15154,  -0.06191,   0.29683
  -0.15244,  -0.06191,   0.29866
  -0.15333,  -0.06191,   0.30048
  -0.15422,  -0.06190,   0.30229
  -0.15511,  -0.06189,   0.30411
  -0.15599,  -0.06188,   0.30592
  -0.15686,  -0.06187,   0.30772
  -0.15773,  -0.06185,   0.30953
  -0.15860,  -0.06183,   0.31133
  -0.15946,  -0.06181,   0.31313
  -0.16032,  -0.06178,   0.31492
  -0.16117,  -0.06176,   0.31671
  -0.16202,  -0.06172,   0.31850
  -0.16286,  -0.06169,   0.32028
  -0.16370,  -0.06166,   0.32206
  -0.16453,  -0.06162,   0.32384
  -0.16536,  -0.06158,   0.32561
  -0.16618,  -0.06154,   0.32738
  -0.16700,  -0.06149,   0.32914
  -0.16781,  -0.06144,   0.33090
  -0.16862,  -0.06139,   0.33265
  -0.16942,  -0.06134,   0.33440
  -0.17021,  -0.06128,   0.33615
  -0.17100,  -0.06122,   0.33789
  -0.17178,  -0.06116,   0.33963
  -0.17256,  -0.06110,   0.34136
  -0.17333,  -0.06104,   0.34309
  -0.17410,  -0.06097,   0.34481
  -0.17486,  -0.06090,   0.34653
  -0.17561,  -0.06083,   0.34824
  -0.17636,  -0.06075,   0.34995
  -0.17710,  -0.06067,   0.35165
  -0.17784,  -0.06059,   0.35335
  -0.17857,  -0.06051,   0.35504
  -0.17929,  -0.06043,   0.35673
  -0.18001,  -0.06034,   0.35841
  -0.18072,  -0.06025,   0.36009
  -0.18143,  -0.06016,   0.36176
  -0.18212,  -0.06007,   0.36342
  -0.18282,  -0.05997,   0.36508
  -0.18350,  -0.05988,   0.36674
  -0.18418,  -0.05978,   0.36838
  -0.18485,  -0.05967,   0.37002
  -0.18551,  -0.05957,   0.37166
  -0.18617,  -0.05946,   0.37329
  -0.18682,  -0.05936,   0.37491
  -0.18747,  -0.05925,   0.37653
  -0.18810,  -0.05913,   0.37814
  -0.18873,  -0.05902,   0.37975
  -0.18936,  -0.05890,   0.38134
  -0.18997,  -0.05878,   0.38293
  -0.19058,  -0.05866,   0.38452
  -0.19118,  -0.05854,   0.38610
  -0.19177,  -0.05842,   0.38767
  -0.19236,  -0.05829,   0.38924
  -0.19294,  -0.05816,   0.39079
  -0.19351,  -0.05803,   0.39234
  -0.19408,  -0.05790,   0.39389
  -0.19463,  -0.05776,   0.39543
  -0.19518,  -0.05763,   0.39696
  -0.19572,  -0.05749,   0.39848
  -0.19625,  -0.05735,   0.39999
  -0.19678,  -0.05721,   0.40150
  -0.19730,  -0.05707,   0.40300
  -0.19781,  -0.05692,   0.40450
  -0.19831,  -0.05678,   0.40598
  -0.19880,  -0.05663,   0.40746
  -0.19929,  -0.05648,   0.40893
  -0.19976,  -0.05633,   0.41040
  -0.20023,  -0.05618,   0.41185
  -0.20069,  -0.05602,   0.41330
  -0.20115,  -0.05587,   0.41474
  -0.20159,  -0.05571,   0.41617
  -0.20203,  -0.05555,   0.41760
  -0.20245,  -0.05539,   0.41901
  -0.20287,  -0.05523,   0.42042
  -0.20328,  -0.05507,   0.42182
  -0.20369,  -0.05490,   0.42321
  -0.20408,  -0.05473,   0.42459
  -0.20447,  -0.05457,   0.42597
  -0.20484,  -0.05440,   0.42734
  -0.20521,  -0.05423,   0.42869
  -0.20557,  -0.05406,   0.43004
  -0.20592,  -0.05389,   0.43139
  -0.20626,  -0.05371,   0.43272
  -0.20659,  -0.05354,   0.43404
  -0.20691,  -0.05336,   0.43536
  -0.20723,  -0.05319,   0.43666
  -0.20753,  -0.05301,   0.43796
  -0.20783,  -0.05283,   0.43925
  -0.20812,  -0.05265,   0.44053
  -0.20839,  -0.05247,   0.44180
  -0.20866,  -0.05229,   0.44306
  -0.20892,  -0.05210,   0.44432
  -0.20917,  -0.05192,   0.44556
  -0.20941,  -0.05174,   0.44679
  -0.20964,  -0.05155,   0.44802
  -0.20987,  -0.05136,   0.44924
  -0.21008,  -0.05118,   0.45044
  -0.21028,  -0.05099,   0.45164
  -0.21048,  -0.05080,   0.45283
  -0.21066,  -0.05061,   0.45401
  -0.21083,  -0.05042,   0.45518
  -0.21100,  -0.05023,   0.45634
  -0.21115,  -0.05004,   0.45749
  -0.21130,  -0.04985,   0.45863
  -0.21143,  -0.04966,   0.45976
  -0.21156,  -0.04946,   0.46088
  -0.21168,  -0.04927,   0.46199
  -0.21178,  -0.04908,   0.46309
  -0.21188,  -0.04888,   0.46418
  -0.21197,  -0.04869,   0.46527
  -0.21204,  -0.04849,   0.46634
  -0.21211,  -0.04830,   0.46740
  -0.21217,  -0.04810,   0.46845
  -0.21221,  -0.04791,   0.46950
  -0.21225,  -0.04771,   0.47053
  -0.21228,  -0.04752,   0.47155
  -0.21229,  -0.04732,   0.47256
  -0.21230,  -0.04712,   0.47357
  -0.21230,  -0.04693,   0.47456
  -0.21228,  -0.04673,   0.47554
  -0.21226,  -0.04654,   0.47651
  -0.21222,  -0.04634,   0.47747
  -0.21218,  -0.04614,   0.47842
  -0.21212,  -0.04595,   0.47936
  -0.21206,  -0.04575,   0.48030
  -0.21198,  -0.04555,   0.48122
  -0.21190,  -0.04536,   0.48213
  -0.21180,  -0.04516,   0.48302
  -0.21169,  -0.04497,   0.48391
  -0.21157,  -0.04477,   0.48479
  -0.21145,  -0.04458,   0.48566
  -0.21131,  -0.04438,   0.48652
  -0.21116,  -0.04419,   0.48736
  -0.21100,  -0.04400,   0.48820
  -0.21083,  -0.04380,   0.48903
  -0.21065,  -0.04361,   0.48984
  -0.21046,  -0.04342,   0.49065
  -0.21026,  -0.04323,   0.49144
  -0.21004,  -0.04304,   0.49222
  -0.20982,  -0.04285,   0.49299
  -0.20959,  -0.04266,   0.49376
  -0.20934,  -0.04247,   0.49451
  -0.20909,  -0.04228,   0.49525
  -0.20882,  -0.04209,   0.49598
  -0.20854,  -0.04190,   0.49670
  -0.20826,  -0.04172,   0.49740
  -0.20796,  -0.04153,   0.49810
  -0.20765,  -0.04135,   0.49879
  -0.20733,  -0.04117,   0.49946
  -0.20700,  -0.04098,   0.50013
  -0.20666,  -0.04080,   0.50078
  -0.20630,  -0.04062,   0.50142
  -0.20594,  -0.04044,   0.50206
  -0.20557,  -0.04026,   0.50268
  -0.20518,  -0.04009,   0.50329
  -0.20479,  -0.03991,   0.50389
  -0.20438,  -0.03974,   0.50448
  -0.20396,  -0.03956,   0.50505
  -0.20353,  -0.03939,   0.50562
  -0.20309,  -0.03922,   0.50618
  -0.20264,  -0.03905,   0.50672
  -0.20218,  -0.03888,   0.50725
  -0.20171,  -0.03872,   0.50778
  -0.20122,  -0.03855,   0.50829
  -0.20073,  -0.03839,   0.50879
  -0.20022,  -0.03823,   0.50928
  -0.19971,  -0.03806,   0.50976
  -0.19918,  -0.03791,   0.51023
  -0.19864,  -0.03775,   0.51069
  -0.19809,  -0.03759,   0.51113
  -0.19753,  -0.03744,   0.51157
  -0.19696,  -0.03729,   0.51199
  -0.19638,  -0.03713,   0.51240
  -0.19579,  -0.03699,   0.51281
  -0.19518,  -0.03684,   0.51320
  -0.19457,  -0.03669,   0.51358
  -0.19394,  -0.03655,   0.51395
  -0.19330,  -0.03641,   0.51431
  -0.19266,  -0.03627,   0.51466
  -0.19200,  -0.03613,   0.51499
  -0.19133,  -0.03599,   0.51532
  -0.19065,  -0.03586,   0.51563
  -0.18995,  -0.03573,   0.51594
  -0.18925,  -0.03560,   0.51623
  -0.18854,  -0.03547,   0.51651
  -0.18781,  -0.03535,   0.51679
  -0.18707,  -0.03522,   0.51705
  -0.18633,  -0.03510,   0.51730
  -0.18557,  -0.03498,   0.51754
  -0.18480,  -0.03487,   0.51777
  -0.18402,  -0.03475,   0.51798
  -0.18323,  -0.03464,   0.51819
  -0.18243,  -0.03453,   0.51839
  -0.18162,  -0.03442,   0.51857
  -0.18079,  -0.03432,   0.51875
  -0.17996,  -0.03422,   0.51891
  -0.17911,  -0.03412,   0.51907
  -0.17825,  -0.03402,   0.51921
  -0.17739,  -0.03392,   0.51934
  -0.17651,  -0.03383,   0.51946
  -0.17562,  -0.03374,   0.51957
  -0.17472,  -0.03366,   0.51967
  -0.17381,  -0.03357,   0.51976
  -0.17289,  -0.03349,   0.51984
  -0.17196,  -0.03341,   0.51991
  -0.17101,  -0.03333,   0.51997
  -0.17006,  -0.03326,   0.52002
  -0.16910,  -0.03319,   0.52006
  -0.16812,  -0.03312,   0.52009
  -0.16713,  -0.03306,   0.52010
  -0.16614,  -0.03299,   0.52011
  -0.16513,  -0.03293,   0.52011
  -0.16411,  -0.03288,   0.52009
  -0.16308,  -0.03282,   0.52007
  -0.16204,  -0.03277,   0.52003
  -0.16099,  -0.03273,   0.51999
  -0.15993,  -0.03268,   0.51993
  -0.15886,  -0.03264,   0.51987
  -0.15778,  -0.03260,   0.51979
  -0.15669,  -0.03257,   0.51971
  -0.15559,  -0.03253,   0.51961
  -0.15447,  -0.03251,   0.51951
  -0.15335,  -0.03248,   0.51939
  -0.15222,  -0.03246,   0.51927
  -0.15107,  -0.03244,   0.51913
  -0.14992,  -0.03242,   0.51899
  -0.14875,  -0.03241,   0.51883
  -0.14758,  -0.03240,   0.51867
  -0.14639,  -0.03239,   0.51850
  -0.14519,  -0.03239,   0.51831
  -0.14399,  -0.03239,   0.51812
  -0.14277,  -0.03239,   0.51792
  -0.14154,  -0.03240,   0.51770
  -0.14031,  -0.03241,   0.51748
  -0.13906,  -0.03242,   0.51725
  -0.13780,  -0.03244,   0.51701
  -0.13653,  -0.03246,   0.51676
  -0.13526,  -0.03248,   0.51650
  -0.13397,  -0.03251,   0.51623
  -0.13267,  -0.03254,   0.51595
  -0.13136,  -0.03258,   0.51566
  -0.13005,  -0.03261,   0.51537
  -0.12872,  -0.03265,   0.51506
  -0.12738,  -0.03270,   0.51474
  -0.12603,  -0.03275,   0.51442
  -0.12468,  -0.03280,   0.51409
  -0.12331,  -0.03286,   0.51374
  -0.12193,  -0.03292,   0.51339
  -0.12055,  -0.03298,   0.51303
  -0.11915,  -0.03305,   0.51266
  -0.11775,  -0.03312,   0.51229
  -0.11633,  -0.03319,   0.51190
  -0.11491,  -0.03327,   0.51150
  -0.11347,  -0.03335,   0.51110
  -0.11203,  -0.03344,   0.51069
  -0.11057,  -0.03352,   0.51027
  -0.10911,  -0.03362,   0.50984
  -0.10764,  -0.03371,   0.50940
  -0.10616,  -0.03381,   0.50895
  -0.10467,  -0.03392,   0.50850
  -0.10317,  -0.03403,   0.50803
  -0.10166,  -0.03414,   0.50756
  -0.10014,  -0.03425,   0.50708
  -0.09861,  -0.03437,   0.50660
  -0.09708,  -0.03449,   0.50610
  -0.09553,  -0.03462,   0.50560
  -0.09398,  -0.03475,   0.50509
  -0.09241,  -0.03489,   0.50457
  -0.09084,  -0.03503,   0.50404
  -0.08926,  -0.03517,   0.50350
  -0.08767,  -0.03531,   0.50296
  -0.08607,  -0.03546,   0.50241
  -0.08446,  -0.03562,   0.50185
  -0.08284,  -0.03578,   0.50129
  -0.08122,  -0.03594,   0.50071
  -0.07959,  -0.03610,   0.50013
  -0.07794,  -0.03627,   0.49955
  -0.07629,  -0.03645,   0.49895
  -0.07463,  -0.03662,   0.49835
  -0.07296,  -0.03681,   0.49774
  -0.07129,  -0.03699,   0.49712
  -0.06960,  -0.03718,   0.49650
  -0.06791,  -0.03737,   0.49587
  -0.06621,  -0.03757,   0.49523
  -0.06450,  -0.03777,   0.49458
  -0.06278,  -0.03798,   0.49393
  -0.06106,  -0.03818,   0.49327
  -0.05932,  -0.03840,   0.49261
  -0.05758,  -0.03861,   0.49193
  -0.05583,  -0.03884,   0.49126
  -0.05408,  -0.03906,   0.49057
  -0.05231,  -0.03929,   0.48988
  -0.05054,  -0.03952,   0.48918
  -0.04876,  -0.03976,   0.48848
  -0.04697,  -0.04000,   0.48777
  -0.04517,  -0.04024,   0.48705
  -0.04337,  -0.04049,   0.48633
  -0.04156,  -0.04074,   0.48560
  -0.03974,  -0.04100,   0.48486
  -0.03792,  -0.04126,   0.48412
  -0.03608,  -0.04152,   0.48337
  -0.03424,  -0.04179,   0.48262
  -0.03239,  -0.04206,   0.48186
  -0.03054,  -0.04233,   0.48110
  -0.02868,  -0.04261,   0.48033
  -0.02681,  -0.04290,   0.47955
  -0.02493,  -0.04318,   0.47877
  -0.02305,  -0.04347,   0.47798
  -0.02116,  -0.04377,   0.47719
  -0.01926,  -0.04406,   0.47639
  -0.01736,  -0.04437,   0.47559
  -0.01545,  -0.04467,   0.47478
  -0.01353,  -0.04498,   0.47397
  -0.01161,  -0.04530,   0.47315
  -0.00968,  -0.04561,   0.47233
  -0.00774,  -0.04593,   0.47150
  -0.00580,  -0.04626,   0.47066
  -0.00385,  -0.04659,   0.46983
  -0.00190,  -0.04692,   0.46898
   0.00007,  -0.04725,   0.46814
   0.00203,  -0.04759,   0.46728
   0.00401,  -0.04794,   0.46643
   0.00599,  -0.04828,   0.46557
   0.00797,  -0.04863,   0.46470
   0.00996,  -0.04899,   0.46383
   0.01196,  -0.04934,   0.46296
   0.01397,  -0.04970,   0.46208
   0.01597,  -0.05007,   0.46120
   0.01799,  -0.05044,   0.46031
   0.02001,  -0.05081,   0.45942
   0.02204,  -0.05118,   0.45853
   0.02407,  -0.05156,   0.45763
   0.02610,  -0.05194,   0.45672
   0.02815,  -0.05233,   0.45582
   0.03019,  -0.05272,   0.45491
   0.03224,  -0.05311,   0.45400
   0.03430,  -0.05351,   0.45308
   0.03637,  -0.05391,   0.45216
   0.03843,  -0.05431,   0.45124
   0.04050,  -0.05472,   0.45031
   0.04258,  -0.05512,   0.44938
   0.04466,  -0.05554,   0.44844
   0.04675,  -0.05595,   0.44751
   0.04884,  -0.05637,   0.44657
   0.05094,  -0.05679,   0.44563
   0.05304,  -0.05722,   0.44468
   0.05514,  -0.05765,   0.44373
   0.05725,  -0.05808,   0.44278
   0.05937,  -0.05851,   0.44183
   0.06148,  -0.05895,   0.44087
   0.06361,  -0.05939,   0.43991
   0.06573,  -0.05984,   0.43895
   0.06786,  -0.06028,   0.43798
   0.07000,  -0.06073,   0.43702
   0.07213,  -0.06119,   0.43605
   0.07427,  -0.06164,   0.43507
   0.07642,  -0.06210,   0.43410
   0.07857,  -0.06256,   0.43312
   0.08072,  -0.06303,   0.43215
   0.08288,  -0.06350,   0.43117
   0.08504,  -0.06397,   0.43018
   0.08720,  -0.06444,   0.42920
   0.08937,  -0.06491,   0.42821
   0.09153,  -0.06539,   0.42723
   0.09371,  -0.06587,   0.42624
   0.09588,  -0.06636,   0.42525
   0.09806,  -0.06684,   0.42425
   0.10024,  -0.06733,   0.42326
   0.10243,  -0.06782,   0.42226
   0.10461,  -0.06832,   0.42126
   0.10680,  -0.06881,   0.42027
   0.10899,  -0.06931,   0.41927
   0.11119,  -0.06981,   0.41826
   0.11338,  -0.07031,   0.41726
   0.11558,  -0.07082,   0.41626
   0.11779,  -0.07133,   0.41525
   0.11999,  -0.07184,   0.41425
   0.12220,  -0.07235,   0.41324
   0.12440,  -0.07287,   0.41223
   0.12661,  -0.07338,   0.41123
   0.12882,  -0.07390,   0.41022
   0.13104,  -0.07442,   0.40921
   0.13325,  -0.07495,   0.40820
   0.13547,  -0.07547,   0.40719
