# epsilon_xx, epsilon_yy, epsilon_xy
  -0.00000,   0.00000,  -0.00000
   0.00076,   0.00022,  -0.00098
   0.00151,   0.00045,  -0.00197
   0.00225,   0.00067,  -0.00296
   0.00299,   0.00089,  -0.00397
   0.00372,   0.00112,  -0.00498
   0.00444,   0.00134,  -0.00599
   0.00516,   0.00156,  -0.00702
   0.00587,   0.00178,  -0.00805
   0.00658,   0.00200,  -0.00909
   0.00728,   0.00223,  -0.01013
   0.00797,   0.00245,  -0.01119
   0.00866,   0.00267,  -0.01225
   0.00934,   0.00289,  -0.01331
   0.01001,   0.00311,  -0.01439
   0.01068,   0.00333,  -0.01547
   0.01134,   0.00355,  -0.01655
   0.01199,   0.00377,  -0.01765
   0.01264,   0.00399,  -0.01875
   0.01329,   0.00421,  -0.01985
   0.01392,   0.00443,  -0.02097
   0.01455,   0.00465,  -0.02209
   0.01517,   0.00487,  -0.02322
   0.01579,   0.00509,  -0.02435
   0.01640,   0.00531,  -0.02549
   0.01700,   0.00554,  -0.02663
   0.01760,   0.00576,  -0.02779
   0.01819,   0.00598,  -0.02895
   0.01878,   0.00620,  -0.03011
   0.01936,   0.00642,  -0.03128
   0.01993,   0.00665,  -0.03246
   0.02049,   0.00687,  -0.03365
   0.02105,   0.00709,  -0.03484
   0.02161,   0.00732,  -0.03603
   0.02215,   0.00754,  -0.03723
   0.02269,   0.00777,  -0.03844
   0.02323,   0.00799,  -0.03966
   0.02376,   0.00822,  -0.04088
   0.02428,   0.00845,  -0.04210
   0.02479,   0.00867,  -0.04334
   0.02530,   0.00890,  -0.04457
   0.02580,   0.00913,  -0.04582
   0.02630,   0.00936,  -0.04707
   0.02679,   0.00959,  -0.04832
   0.02727,   0.00982,  -0.04958
   0.02775,   0.01005,  -0.05085
   0.02822,   0.01028,  -0.05212
   0.02869,   0.01052,  -0.05340
   0.02915,   0.01075,  -0.05468
   0.02960,   0.01099,  -0.05597
   0.03005,   0.01122,  -0.05726
   0.03049,   0.01146,  -0.05856
   0.03092,   0.01170,  -0.05986
   0.03135,   0.01193,  -0.06117
   0.03177,   0.01217,  -0.06248
   0.03219,   0.01241,  -0.06380
   0.03260,   0.01266,  -0.06512
   0.03300,   0.01290,  -0.06645
   0.03340,   0.01314,  -0.06779
   0.03379,   0.01339,  -0.06912
   0.03418,   0.01363,  -0.07047
   0.03456,   0.01388,  -0.07181
   0.03493,   0.01413,  -0.07317
   0.03530,   0.01438,  -0.07452
   0.03566,   0.01463,  -0.07588
   0.03602,   0.01488,  -0.07725
   0.03637,   0.01513,  -0.07862
   0.03672,   0.01538,  -0.08000
   0.03706,   0.01564,  -0.08137
   0.03739,   0.01589,  -0.08276
   0.03772,   0.01615,  -0.08415
   0.03804,   0.01641,  -0.08554
   0.03836,   0.01667,  -0.08693
   0.03867,   0.01693,  -0.08833
   0.03897,   0.01719,  -0.08974
   0.03928,   0.01746,  -0.09114
   0.03957,   0.01772,  -0.09256
   0.03986,   0.01799,  -0.09397
   0.04014,   0.01826,  -0.09539
   0.04042,   0.01853,  -0.09681
   0.04069,   0.01880,  -0.09824
   0.04096,   0.01907,  -0.09967
   0.04122,   0.01934,  -0.10110
   0.04148,   0.01962,  -0.10254
   0.04173,   0.01990,  -0.10398
   0.04198,   0.02018,  -0.10542
   0.04222,   0.02045,  -0.10687
   0.04246,   0.02074,  -0.10832
   0.04269,   0.02102,  -0.10978
   0.04291,   0.02130,  -0.11123
   0.04314,   0.02159,  -0.11269
   0.04335,   0.02188,  -0.11415
   0.04356,   0.02217,  -0.11562
   0.04377,   0.02246,  -0.11709
   0.04397,   0.02275,  -0.11856
   0.04417,   0.02304,  -0.12003
   0.04436,   0.02334,  -0.12151
   0.04455,   0.02363,  -0.12299
   0.04473,   0.02393,  -0.12447
   0.04491,   0.02423,  -0.12595
   0.04508,   0.02453,  -0.12744
   0.04525,   0.02484,  -0.12893
   0.04541,   0.02514,  -0.13042
   0.04557,   0.02545,  -0.13191
   0.04573,   0.02576,  -0.13341
   0.04588,   0.02607,  -0.13491
   0.04603,   0.02638,  -0.13641
   0.04617,   0.02669,  -0.13791
   0.04631,   0.02701,  -0.13941
   0.04644,   0.02733,  -0.14092
   0.04657,   0.02764,  -0.14243
   0.04669,   0.02797,  -0.14393
   0.04681,   0.02829,  -0.14544
   0.04693,   0.02861,  -0.14696
   0.04705,   0.02894,  -0.14847
   0.04715,   0.02926,  -0.14999
   0.04726,   0.02959,  -0.15150
   0.04736,   0.02992,  -0.15302
   0.04746,   0.03026,  -0.15454
   0.04755,   0.03059,  -0.15606
   0.04764,   0.03093,  -0.15758
   0.04773,   0.03126,  -0.15910
   0.04781,   0.03160,  -0.16063
   0.04789,   0.03194,  -0.16215
   0.04797,   0.03229,  -0.16368
   0.04804,   0.03263,  -0.16520
   0.04811,   0.03298,  -0.16673
   0.04818,   0.03333,  -0.16826
   0.04824,   0.03368,  -0.16978
   0.04830,   0.03403,  -0.17131
   0.04836,   0.03438,  -0.17284
   0.04841,   0.03474,  -0.17437
   0.04846,   0.03509,  -0.17590
   0.04851,   0.03545,  -0.17743
   0.04855,   0.03581,  -0.17896
   0.04859,   0.03618,  -0.18049
   0.04863,   0.03654,  -0.18202
   0.04866,   0.03691,  -0.18355
   0.04870,   0.03727,  -0.18508
   0.04873,   0.03764,  -0.18661
   0.04875,   0.03801,  -0.18814
   0.04878,   0.03839,  -0.18967
   0.04880,   0.03876,  -0.19120
   0.04882,   0.03914,  -0.19273
   0.04883,   0.03951,  -0.19425
   0.04885,   0.03989,  -0.19578
   0.04886,   0.04027,  -0.19731
   0.04887,   0.04066,  -0.19883
   0.04888,   0.04104,  -0.20036
   0.04888,   0.04143,  -0.20188
   0.04889,   0.04182,  -0.20341
   0.04889,   0.04221,  -0.20493
   0.04889,   0.04260,  -0.20645
   0.04888,   0.04299,  -0.20797
   0.04888,   0.04338,  -0.20949
   0.04887,   0.04378,  -0.21101
   0.04886,   0.04418,  -0.21253
   0.04885,   0.04458,  -0.21404
   0.04884,   0.04498,  -0.21556
   0.04883,   0.04538,  -0.21707
   0.04881,   0.04578,  -0.21858
   0.04880,   0.04619,  -0.22009
   0.04878,   0.04660,  -0.22160
   0.04876,   0.04701,  -0.22310
   0.04874,   0.04742,  -0.22461
   0.04871,   0.04783,  -0.22611
   0.04869,   0.04824,  -0.22761
   0.04867,   0.04866,  -0.22911
   0.04864,   0.04907,  -0.23060
   0.04861,   0.04949,  -0.23210
   0.04858,   0.04991,  -0.23359
   0.04856,   0.05033,  -0.23508
   0.04853,   0.05075,  -0.23656
   0.04849,   0.05118,  -0.23805
   0.04846,   0.05160,  -0.23953
   0.04843,   0.05203,  -0.24101
   0.04840,   0.05246,  -0.24248
   0.04836,   0.05289,  -0.24396
   0.04833,   0.05332,  -0.24543
   0.04829,   0.05375,  -0.24690
   0.04826,   0.05418,  -0.24836
   0.04822,   0.05462,  -0.24982
   0.04818,   0.05505,  -0.25128
   0.04815,   0.05549,  -0.25274
   0.04811,   0.05593,  -0.25419
   0.04807,   0.05637,  -0.25564
   0.04804,   0.05681,  -0.25708
   0.04800,   0.05725,  -0.25853
   0.04796,   0.05769,  -0.25997
   0.04792,   0.05814,  -0.26140
   0.04789,   0.05858,  -0.26283
   0.04785,   0.05903,  -0.26426
   0.04781,   0.05948,  -0.26569
   0.04777,   0.05993,  -0.26711
   0.04774,   0.06038,  -0.26852
   0.04770,   0.06083,  -0.26994
   0.04766,   0.06128,  -0.27135
   0.04763,   0.06174,  -0.27275
   0.04759,   0.06219,  -0.27415
   0.04756,   0.06264,  -0.27555
   0.04752,   0.06310,  -0.27694
   0.04749,   0.06356,  -0.27833
   0.04745,   0.06402,  -0.27971
   0.04742,   0.06447,  -0.28109
   0.04739,   0.06493,  -0.28247
   0.04736,   0.06540,  -0.28384
   0.04733,   0.06586,  -0.28520
   0.04730,   0.06632,  -0.28657
   0.04727,   0.06678,  -0.28792
   0.04725,   0.06725,  -0.28927
   0.04722,   0.06771,  -0.29062
   0.04719,   0.06818,  -0.29196
   0.04717,   0.06864,  -0.29330
   0.04715,   0.06911,  -0.29463
   0.04713,   0.06958,  -0.29596
   0.04711,   0.07004,  -0.29728
   0.04709,   0.07051,  -0.29859
   0.04707,   0.07098,  -0.29990
   0.04705,   0.07145,  -0.30121
   0.04704,   0.07192,  -0.30251
   0.04703,   0.07239,  -0.30380
   0.04702,   0.07286,  -0.30509
   0.04701,   0.07333,  -0.30638
   0.04700,   0.07381,  -0.30766
   0.04699,   0.07428,  -0.30893
   0.04699,   0.07475,  -0.31019
   0.04698,   0.07522,  -0.31145
   0.04698,   0.07570,  -0.31271
   0.04699,   0.07617,  -0.31396
   0.04699,   0.07664,  -0.31520
   0.04699,   0.07712,  -0.31644
   0.04700,   0.07759,  -0.31767
   0.04701,   0.07807,  -0.31889
   0.04702,   0.07854,  -0.32011
   0.04703,   0.07902,  -0.32132
   0.04705,   0.07949,  -0.32253
   0.04707,   0.07997,  -0.32373
   0.04709,   0.08044,  -0.32492
   0.04711,   0.08092,  -0.32610
   0.04714,   0.08139,  -0.32728
   0.04716,   0.08187,  -0.32846
   0.04719,   0.08234,  -0.32962
   0.04722,   0.08281,  -0.33078
   0.04726,   0.08329,  -0.33194
   0.04730,   0.08376,  -0.33308
   0.04734,   0.08424,  -0.33422
   0.04738,   0.08471,  -0.33535
   0.04742,   0.08518,  -0.33648
   0.04747,   0.08566,  -0.33760
   0.04752,   0.08613,  -0.33871
   0.04758,   0.08660,  -0.33981
   0.04763,   0.08707,  -0.34091
   0.04769,   0.08755,  -0.34200
   0.04775,   0.08802,  -0.34308
   0.04782,   0.08849,  -0.34415
   0.04789,   0.08896,  -0.34522
   0.04796,   0.08943,  -0.34628
   0.04803,   0.08990,  -0.34734
   0.04811,   0.09036,  -0.34838
   0.04819,   0.09083,  -0.34942
   0.04827,   0.09130,  -0.35045
   0.04836,   0.09176,  -0.35147
   0.04845,   0.09223,  -0.35248
   0.04854,   0.09269,  -0.35349
   0.04864,   0.09316,  -0.35449
   0.04873,   0.09362,  -0.35548
   0.04884,   0.09408,  -0.35646
   0.04894,   0.09454,  -0.35744
   0.04905,   0.09500,  -0.35841
   0.04917,   0.09546,  -0.35937
   0.04928,   0.09592,  -0.36032
   0.04940,   0.09638,  -0.36126
   0.04952,   0.09683,  -0.36220
   0.04965,   0.09729,  -0.36312
   0.04978,   0.09774,  -0.36404
   0.04991,   0.09820,  -0.36495
   0.05005,   0.09865,  -0.36585
   0.05019,   0.09910,  -0.36675
   0.05034,   0.09955,  -0.36763
   0.05049,   0.09999,  -0.36851
   0.05064,   0.10044,  -0.36938
   0.05079,   0.10088,  -0.37024
   0.05095,   0.10133,  -0.37109
   0.05112,   0.10177,  -0.37193
   0.05128,   0.10221,  -0.37276
   0.05145,   0.10265,  -0.37359
   0.05163,   0.10308,  -0.37440
   0.05181,   0.10352,  -0.37521
   0.05199,   0.10395,  -0.37601
   0.05217,   0.10439,  -0.37680
   0.05236,   0.10482,  -0.37758
   0.05256,   0.10525,  -0.37835
   0.05275,   0.10567,  -0.37912
   0.05296,   0.10610,  -0.37987
   0.05316,   0.10652,  -0.38062
   0.05337,   0.10694,  -0.38135
   0.05359,   0.10736,  -0.38208
   0.05380,   0.10778,  -0.38280
   0.05402,   0.10819,  -0.38351
   0.05425,   0.10861,  -0.38421
   0.05448,   0.10902,  -0.38490
   0.05471,   0.10943,  -0.38558
   0.05495,   0.10983,  -0.38625
   0.05519,   0.11024,  -0.38692
   0.05544,   0.11064,  -0.38757
   0.05569,   0.11104,  -0.38821
   0.05594,   0.11144,  -0.38885
   0.05620,   0.11184,  -0.38947
   0.05646,   0.11223,  -0.39009
   0.05673,   0.11262,  -0.39070
   0.05700,   0.11301,  -0.39129
   0.05728,   0.11339,  -0.39188
   0.05756,   0.11378,  -0.39246
   0.05784,   0.11416,  -0.39303
   0.05813,   0.11454,  -0.39359
   0.05842,   0.11491,  -0.39414
   0.05872,   0.11529,  -0.39468
   0.05902,   0.11566,  -0.39521
   0.05932,   0.11602,  -0.39573
   0.05963,   0.11639,  -0.39624
   0.05994,   0.11675,  -0.39674
   0.06026,   0.11711,  -0.39723
   0.06058,   0.11747,  -0.39771
   0.06091,   0.11782,  -0.39818
   0.06124,   0.11817,  -0.39865
   0.06157,   0.11852,  -0.39910
   0.06191,   0.11886,  -0.39954
   0.06225,   0.11921,  -0.39997
   0.06260,   0.11954,  -0.40040
   0.06295,   0.11988,  -0.40081
   0.06331,   0.12021,  -0.40121
   0.06367,   0.12054,  -0.40160
   0.06403,   0.12087,  -0.40199
   0.06440,   0.12119,  -0.40236
   0.06477,   0.12151,  -0.40272
   0.06515,   0.12183,  -0.40307
   0.06553,   0.12214,  -0.40342
   0.06592,   0.12245,  -0.40375
   0.06631,   0.12275,  -0.40407
   0.06670,   0.12306,  -0.40439
   0.06710,   0.12336,  -0.40469
   0.06750,   0.12365,  -0.40498
   0.06791,   0.12394,  -0.40526
   0.06832,   0.12423,  -0.40554
   0.06873,   0.12452,  -0.40580
   0.06915,   0.12480,  -0.40605
   0.06957,   0.12508,  -0.40629
   0.07000,   0.12535,  -0.40652
   0.07043,   0.12562,  -0.40675
   0.07087,   0.12589,  -0.40696
   0.07131,   0.12615,  -0.40716
   0.07175,   0.12641,  -0.40735
   0.07220,   0.12666,  -0.40753
   0.07266,   0.12691,  -0.40770
   0.07311,   0.12716,  -0.40786
   0.07357,   0.12740,  -0.40801
   0.07404,   0.12764,  -0.40815
   0.07451,   0.12787,  -0.40828
   0.07498,   0.12811,  -0.40840
   0.07546,   0.12833,  -0.40851
   0.07594,   0.12855,  -0.40861
   0.07643,   0.12877,  -0.40870
   0.07692,   0.12899,  -0.40878
   0.07741,   0.12920,  -0.40885
   0.07791,   0.12940,  -0.40891
   0.07841,   0.12960,  -0.40896
   0.07891,   0.12980,  -0.40899
   0.07942,   0.12999,  -0.40902
   0.07994,   0.13018,  -0.40904
   0.08046,   0.13036,  -0.40905
   0.08098,   0.13054,  -0.40904
   0.08150,   0.13072,  -0.40903
   0.08203,   0.13089,  -0.40901
   0.08257,   0.13106,  -0.40897
   0.08310,   0.13122,  -0.40893
   0.08364,   0.13137,  -0.40887
   0.08419,   0.13153,  -0.40881
   0.08474,   0.13167,  -0.40873
   0.08529,   0.13182,  -0.40865
   0.08585,   0.13195,  -0.40855
   0.08640,   0.13209,  -0.40845
   0.08697,   0.13222,  -0.40833
   0.08754,   0.13234,  -0.40821
   0.08811,   0.13246,  -0.40807
   0.08868,   0.13257,  -0.40792
   0.08926,   0.13268,  -0.40777
   0.08984,   0.13279,  -0.40760
   0.09043,   0.13289,  -0.40742
   0.09102,   0.13298,  -0.40724
   0.09161,   0.13307,  -0.40704
   0.09221,   0.13316,  -0.40683
   0.09281,   0.13323,  -0.40661
   0.09341,   0.13331,  -0.40639
   0.09402,   0.13338,  -0.40615
   0.09463,   0.13344,  -0.40590
   0.09524,   0.13350,  -0.40564
   0.09586,   0.13356,  -0.40537
   0.09648,   0.13361,  -0.40510
   0.09710,   0.13365,  -0.40481
   0.09773,   0.13369,  -0.40451
   0.09836,   0.13372,  -0.40420
   0.09899,   0.13375,  -0.40388
   0.09963,   0.13377,  -0.40355
   0.10027,   0.13379,  -0.40322
   0.10092,   0.13380,  -0.40287
   0.10156,   0.13381,  -0.40251
   0.10221,   0.13381,  -0.40214
   0.10287,   0.13381,  -0.40176
   0.10352,   0.13380,  -0.40137
   0.10418,   0.13378,  -0.40098
   0.10484,   0.13376,  -0.40057
   0.10551,   0.13374,  -0.40015
   0.10618,   0.13371,  -0.39972
   0.10685,   0.13367,  -0.39929
   0.10752,   0.13363,  -0.39884
   0.10820,   0.13358,  -0.39838
   0.10888,   0.13353,  -0.39791
   0.10957,   0.13347,  -0.39744
   0.11025,   0.13341,  -0.39695
   0.11094,   0.13334,  -0.39645
   0.11163,   0.13326,  -0.39595
   0.11233,   0.13318,  -0.39543
   0.11302,   0.13309,  -0.39491
   0.11372,   0.13300,  -0.39437
   0.11442,   0.13290,  -0.39383
   0.11513,   0.13280,  -0.39327
   0.11584,   0.13269,  -0.39271
   0.11655,   0.13257,  -0.39214
   0.11726,   0.13245,  -0.39155
   0.11798,   0.13233,  -0.39096
   0.11869,   0.13219,  -0.39036
   0.11941,   0.13206,  -0.38975
   0.12014,   0.13191,  -0.38913
   0.12086,   0.13176,  -0.38850
   0.12159,   0.13161,  -0.38786
   0.12232,   0.13144,  -0.38721
   0.12305,   0.13128,  -0.38655
   0.12379,   0.13110,  -0.38588
   0.12452,   0.13092,  -0.38521
   0.12526,   0.13074,  -0.38452
   0.12600,   0.13055,  -0.38383
   0.12675,   0.13035,  -0.38312
   0.12749,   0.13015,  -0.38241
   0.12824,   0.12994,  -0.38169
   0.12899,   0.12973,  -0.38095
   0.12974,   0.12950,  -0.38021
   0.13049,   0.12928,  -0.37946
   0.13125,   0.12905,  -0.37870
   0.13201,   0.12881,  -0.37793
   0.13277,   0.12856,  -0.37716
   0.13353,   0.12831,  -0.37637
   0.13429,   0.12806,  -0.37558
   0.13505,   0.12779,  -0.37477
   0.13582,   0.12753,  -0.37396
   0.13659,   0.12725,  -0.37314
   0.13736,   0.12697,  -0.37231
   0.13813,   0.12668,  -0.37147
   0.13891,   0.12639,  -0.37062
   0.13968,   0.12609,  -0.36976
   0.14046,   0.12579,  -0.36890
   0.14124,   0.12548,  -0.36802
   0.14202,   0.12516,  -0.36714
   0.14280,   0.12484,  -0.36625
   0.14358,   0.12451,  -0.36535
   0.14436,   0.12418,  -0.36444
   0.14515,   0.12384,  -0.36353
   0.14594,   0.12349,  -0.36260
   0.14673,   0.12314,  -0.36167
   0.14752,   0.12278,  -0.36073
   0.14831,   0.12241,  -0.35978
   0.14910,   0.12204,  -0.35882
   0.14989,   0.12167,  -0.35785
   0.15069,   0.12128,  -0.35687
   0.15148,   0.12089,  -0.35589
   0.15228,   0.12050,  -0.35490
   0.15308,   0.12010,  -0.35390
   0.15388,   0.11969,  -0.35289
   0.15468,   0.11928,  -0.35188
   0.15548,   0.11886,  -0.35085
   0.15628,   0.11843,  -0.34982
   0.15708,   0.11800,  -0.34878
   0.15789,   0.11757,  -0.34773
   0.15869,   0.11712,  -0.34668
   0.15950,   0.11667,  -0.34561
   0.16030,   0.11622,  -0.34454
   0.16111,   0.11576,  -0.34346
   0.16192,   0.11529,  -0.34238
   0.16273,   0.11482,  -0.34128
   0.16354,   0.11434,  -0.34018
   0.16435,   0.11385,  -0.33907
   0.16516,   0.11336,  -0.33795
   0.16597,   0.11287,  -0.33683
   0.16678,   0.11236,  -0.33569
   0.16760,   0.11185,  -0.33455
   0.16841,   0.11134,  -0.33341
   0.16922,   0.11082,  -0.33225
   0.17004,   0.11029,  -0.33109
   0.17085,   0.10976,  -0.32992
   0.17167,   0.10922,  -0.32874
   0.17248,   0.10868,  -0.32756
   0.17330,   0.10813,  -0.32637
   0.17411,   0.10757,  -0.32517
   0.17493,   0.10701,  -0.32396
   0.17575,   0.10644,  -0.32275
   0.17656,   0.10587,  -0.32153
   0.17738,   0.10529,  -0.32031
   0.17820,   0.10471,  -0.31907
   0.17902,   0.10412,  -0.31783
   0.17983,   0.10352,  -0.31658
   0.18065,   0.10292,  -0.31533
   0.18147,   0.10231,  -0.31407
   0.18229,   0.10170,  -0.31280
   0.18311,   0.10108,  -0.31153
   0.18392,   0.10046,  -0.31025
   0.18474,   0.09983,  -0.30896
   0.18556,   0.09919,  -0.30766
   0.18638,   0.09855,  -0.30636
   0.18720,   0.09790,  -0.30505
   0.18801,   0.09725,  -0.30374
   0.18883,   0.09659,  -0.30242
   0.18965,   0.09593,  -0.30109
   0.19046,   0.09526,  -0.29976
   0.19128,   0.09458,  -0.29842
   0.19210,   0.09390,  -0.29707
   0.19291,   0.09322,  -0.29572
   0.19373,   0.09253,  -0.29436
   0.19455,   0.09183,  -0.29300
   0.19536,   0.09113,  -0.29163
   0.19618,   0.09042,  -0.29025
   0.19699,   0.08971,  -0.28887
   0.19781,   0.08899,  -0.28748
   0.19862,   0.08827,  -0.28609
   0.19943,   0.08754,  -0.28468
   0.20025,   0.08681,  -0.28328
   0.20106,   0.08607,  -0.28187
   0.20187,   0.08533,  -0.28045
   0.20268,   0.08458,  -0.27902
   0.20349,   0.08382,  -0.27760
   0.20430,   0.08306,  -0.27616
   0.20511,   0.08230,  -0.27472
   0.20592,   0.08153,  -0.27327
   0.20673,   0.08076,  -0.27182
   0.20754,   0.07998,  -0.27036
   0.20834,   0.07919,  -0.26890
   0.20915,   0.07840,  -0.26743
   0.20996,   0.07761,  -0.26596
   0.21076,   0.07681,  -0.26448
   0.21156,   0.07601,  -0.26300
   0.21237,   0.07520,  -0.26151
   0.21317,   0.07439,  -0.26001
   0.21397,   0.07357,  -0.25851
   0.21477,   0.07274,  -0.25701
   0.21557,   0.07192,  -0.25550
   0.21637,   0.07109,  -0.25398
   0.21717,   0.07025,  -0.25247
   0.21797,   0.06941,  -0.25094
   0.21876,   0.06856,  -0.24941
   0.21956,   0.06771,  -0.24788
   0.22035,   0.06686,  -0.24634
   0.22115,   0.06600,  -0.24479
   0.22194,   0.06513,  -0.24324
   0.22273,   0.06426,  -0.24169
   0.22352,   0.06339,  -0.24013
   0.22431,   0.06251,  -0.23857
   0.22510,   0.06163,  -0.23700
   0.22589,   0.06075,  -0.23543
   0.22667,   0.05986,  -0.23385
   0.22746,   0.05896,  -0.23227
   0.22824,   0.05807,  -0.23069
   0.22902,   0.05716,  -0.22910
   0.22980,   0.05626,  -0.22751
   0.23059,   0.05535,  -0.22591
   0.23136,   0.05443,  -0.22431
   0.23214,   0.05352,  -0.22270
   0.23292,   0.05259,  -0.22109
   0.23370,   0.05167,  -0.21947
   0.23447,   0.05074,  -0.21786
   0.23524,   0.04981,  -0.21623
   0.23601,   0.04887,  -0.21461
   0.23679,   0.04793,  -0.21297
   0.23756,   0.04698,  -0.21134
   0.23832,   0.04603,  -0.20970
   0.23909,   0.04508,  -0.20806
   0.23986,   0.04413,  -0.20641
   0.24062,   0.04317,  -0.20476
   0.24138,   0.04221,  -0.20311
   0.24214,   0.04124,  -0.20145
   0.24291,   0.04027,  -0.19979
   0.24366,   0.03930,  -0.19813
   0.24442,   0.03832,  -0.19646
   0.24518,   0.03735,  -0.19479
   0.24593,   0.03636,  -0.19311
   0.24669,   0.03538,  -0.19143
   0.24744,   0.03439,  -0.18975
   0.24819,   0.03340,  -0.18807
   0.24894,   0.03241,  -0.18638
   0.24969,   0.03141,  -0.18469
   0.25043,   0.03041,  -0.18299
   0.25118,   0.02940,  -0.18129
   0.25192,   0.02840,  -0.17959
   0.25266,   0.02739,  -0.17789
   0.25340,   0.02638,  -0.17618
   0.25414,   0.02537,  -0.17447
   0.25488,   0.02435,  -0.17276
   0.25562,   0.02333,  -0.17104
   0.25635,   0.02231,  -0.16932
   0.25708,   0.02128,  -0.16760
   0.25782,   0.02026,  -0.16588
   0.25855,   0.01923,  -0.16415
   0.25927,   0.01820,  -0.16242
   0.26000,   0.01716,  -0.16068
   0.26073,   0.01613,  -0.15895
   0.26145,   0.01509,  -0.15721
   0.26217,   0.01405,  -0.15547
   0.26290,   0.01301,  -0.15372
   0.26361,   0.01196,  -0.15198
   0.26433,   0.01092,  -0.15023
   0.26505,   0.00987,  -0.14848
   0.26576,   0.00882,  -0.14672
   0.26648,   0.00776,  -0.14497
   0.26719,   0.00671,  -0.14321
   0.26790,   0.00566,  -0.14145
   0.26861,   0.00460,  -0.13968
   0.26932,   0.00354,  -0.13792
   0.27002,   0.00248,  -0.13615
   0.27073,   0.00142,  -0.13438
   0.27143,   0.00035,  -0.13261
   0.27213,  -0.00071,  -0.13084
   0.27283,  -0.00178,  -0.12906
   0.27353,  -0.00284,  -0.12728
   0.27422,  -0.00391,  -0.12550
   0.27492,  -0.00498,  -0.12372
   0.27561,  -0.00605,  -0.12194
   0.27630,  -0.00713,  -0.12015
   0.27699,  -0.00820,  -0.11836
   0.27768,  -0.00927,  -0.11657
   0.27837,  -0.01035,  -0.11478
   0.27905,  -0.01143,  -0.11299
   0.27974,  -0.01250,  -0.11119
   0.28042,  -0.01358,  -0.10940
   0.28110,  -0.01466,  -0.10760
   0.28178,  -0.01574,  -0.10580
   0.28245,  -0.01682,  -0.10400
   0.28313,  -0.01790,  -0.10219
   0.28380,  -0.01898,  -0.10039
   0.28448,  -0.02006,  -0.09858
   0.28515,  -0.02114,  -0.09677
   0.28582,  -0.02222,  -0.09497
   0.28649,  -0.02330,  -0.09316
   0.28715,  -0.02438,  -0.09134
   0.28782,  -0.02547,  -0.08953
   0.28848,  -0.02655,  -0.08772
   0.28914,  -0.02763,  -0.08590
   0.28980,  -0.02871,  -0.08408
   0.29046,  -0.02979,  -0.08226
   0.29112,  -0.03088,  -0.08045
   0.29177,  -0.03196,  -0.07862
   0.29243,  -0.03304,  -0.07680
   0.29308,  -0.03412,  -0.07498
   0.29373,  -0.03520,  -0.07316
   0.29438,  -0.03628,  -0.07133
   0.29503,  -0.03736,  -0.06951
   0.29567,  -0.03844,  -0.06768
   0.29632,  -0.03952,  -0.06585
   0.29696,  -0.04060,  -0.06402
   0.29760,  -0.04167,  -0.06219
   0.29824,  -0.04275,  -0.06036
   0.29888,  -0.04382,  -0.05853
   0.29952,  -0.04490,  -0.05670
   0.30015,  -0.04597,  -0.05487
   0.30079,  -0.04705,  -0.05303
   0.30142,  -0.04812,  -0.05120
   0.30205,  -0.04919,  -0.04936
   0.30268,  -0.05026,  -0.04753
   0.30331,  -0.05132,  -0.04569
   0.30393,  -0.05239,  -0.04385
   0.30456,  -0.05345,  -0.04202
   0.30518,  -0.05452,  -0.04018
   0.30580,  -0.05558,  -0.03834
   0.30642,  -0.05664,  -0.03650
   0.30704,  -0.05770,  -0.03466
   0.30766,  -0.05876,  -0.03282
   0.30828,  -0.05981,  -0.03098
   0.30889,  -0.06087,  -0.02914
   0.30951,  -0.06192,  -0.02730
   0.31012,  -0.06297,  -0.02546
   0.31073,  -0.06401,  -0.02361
   0.31134,  -0.06506,  -0.02177
   0.31194,  -0.06610,  -0.01993
   0.31255,  -0.06714,  -0.01809
   0.31315,  -0.06818,  -0.01624
   0.31376,  -0.06922,  -0.01440
   0.31436,  -0.07026,  -0.01256
   0.31496,  -0.07129,  -0.01071
   0.31556,  -0.07232,  -0.00887
   0.31616,  -0.07334,  -0.00703
   0.31675,  -0.07437,  -0.00518
   0.31735,  -0.07539,  -0.00334
   0.31794,  -0.07641,  -0.00149
   0.31853,  -0.07742,   0.00035
   0.31912,  -0.07844,   0.00220
   0.31971,  -0.07945,   0.00404
   0.32030,  -0.08046,   0.00588
   0.32088,  -0.08146,   0.00773
   0.32147,  -0.08246,   0.00957
   0.32205,  -0.08346,   0.01142
   0.32263,  -0.08446,   0.01326
   0.32322,  -0.08545,   0.01510
   0.32380,  -0.08644,   0.01695
   0.32437,  -0.08742,   0.01879
   0.32495,  -0.08840,   0.02063
   0.32553,  -0.08938,   0.02248
   0.32610,  -0.09035,   0.02432
   0.32667,  -0.09133,   0.02616
   0.32724,  -0.09229,   0.02800
   0.32781,  -0.09326,   0.02984
   0.32838,  -0.09422,   0.03169
   0.32895,  -0.09517,   0.03353
   0.32952,  -0.09612,   0.03537
   0.33008,  -0.09707,   0.03721
   0.33064,  -0.09802,   0.03905
   0.33121,  -0.09895,   0.04089
   0.33177,  -0.09989,   0.04273
   0.33233,  -0.10082,   0.04456
   0.33288,  -0.10175,   0.04640
   0.33344,  -0.10267,   0.04824
   0.33400,  -0.10359,   0.05008
   0.33455,  -0.10450,   0.05191
   0.33511,  -0.10541,   0.05375
   0.33566,  -0.10632,   0.05559
   0.33621,  -0.10722,   0.05742
   0.33676,  -0.10811,   0.05926
   0.33730,  -0.10900,   0.06109
   0.33785,  -0.10989,   0.06292
   0.33840,  -0.11077,   0.06476
   0.33894,  -0.11165,   0.06659
   0.33948,  -0.11252,   0.06842
   0.34003,  -0.11339,   0.07025
   0.34057,  -0.11425,   0.07208
   0.34111,  -0.11510,   0.07391
   0.34164,  -0.11595,   0.07574
   0.34218,  -0.11680,   0.07757
   0.34272,  -0.11764,   0.07940
   0.34325,  -0.11847,   0.08122
   0.34378,  -0.11930,   0.08305
   0.34431,  -0.12013,   0.08487
   0.34484,  -0.12095,   0.08670
   0.34537,  -0.12176,   0.08852
   0.34590,  -0.12257,   0.09034
   0.34643,  -0.12337,   0.09217
   0.34695,  -0.12416,   0.09399
   0.34748,  -0.12495,   0.09581
   0.34800,  -0.12574,   0.09763
   0.34852,  -0.12651,   0.09945
   0.34904,  -0.12729,   0.10126
   0.34956,  -0.12805,   0.10308
   0.35008,  -0.12881,   0.10490
   0.35060,  -0.12957,   0.10671
   0.35111,  -0.13031,   0.10853
   0.35163,  -0.13106,   0.11034
   0.35214,  -0.13179,   0.11215
   0.35265,  -0.13252,   0.11396
   0.35316,  -0.13324,   0.11577
   0.35367,  -0.13396,   0.11758
   0.35418,  -0.13467,   0.11939
   0.35469,  -0.13537,   0.12120
   0.35519,  -0.13607,   0.12300
   0.35570,  -0.13676,   0.12481
   0.35620,  -0.13744,   0.12662
   0.35670,  -0.13812,   0.12842
   0.35721,  -0.13879,   0.13022
   0.35770,  -0.13945,   0.13202
   0.35820,  -0.14010,   0.13382
   0.35870,  -0.14075,   0.13562
   0.35920,  -0.14139,   0.13742
   0.35969,  -0.14203,   0.13922
   0.36018,  -0.14266,   0.14102
   0.36068,  -0.14328,   0.14281
   0.36117,  -0.14389,   0.14461
   0.36166,  -0.14450,   0.14640
   0.36214,  -0.14509,   0.14819
   0.36263,  -0.14569,   0.14998
   0.36312,  -0.14627,   0.15177
   0.36360,  -0.14685,   0.15356
   0.36408,  -0.14741,   0.15535
   0.36457,  -0.14798,   0.15714
   0.36505,  -0.14853,   0.15892
   0.36553,  -0.14908,   0.16071
   0.36600,  -0.14961,   0.16249
   0.36648,  -0.15015,   0.16427
   0.36696,  -0.15067,   0.16605
   0.36743,  -0.15118,   0.16783
   0.36790,  -0.15169,   0.16961
   0.36837,  -0.15219,   0.17139
   0.36885,  -0.15268,   0.17317
   0.36931,  -0.15317,   0.17494
   0.36978,  -0.15364,   0.17672
   0.37025,  -0.15411,   0.17849
   0.37071,  -0.15457,   0.18026
   0.37118,  -0.15502,   0.18203
   0.37164,  -0.15546,   0.18380
   0.37210,  -0.15590,   0.18557
   0.37256,  -0.15632,   0.18734
   0.37302,  -0.15674,   0.18911
   0.37347,  -0.15715,   0.19087
   0.37393,  -0.15755,   0.19264
   0.37438,  -0.15795,   0.19440
   0.37483,  -0.15833,   0.19616
   0.37528,  -0.15871,   0.19792
   0.37573,  -0.15908,   0.19968
   0.37618,  -0.15943,   0.20144
   0.37663,  -0.15979,   0.20320
   0.37707,  -0.16013,   0.20495
   0.37752,  -0.16046,   0.20671
   0.37796,  -0.16078,   0.20846
   0.37840,  -0.16110,   0.21022
   0.37884,  -0.16141,   0.21197
   0.37928,  -0.16171,   0.21372
   0.37971,  -0.16199,   0.21547
   0.38015,  -0.16227,   0.21722
   0.38058,  -0.16255,   0.21896
   0.38101,  -0.16281,   0.22071
   0.38144,  -0.16306,   0.22245
   0.38187,  -0.16331,   0.22420
   0.38230,  -0.16354,   0.22594
   0.38272,  -0.16377,   0.22768
   0.38315,  -0.16398,   0.22942
   0.38357,  -0.16419,   0.23116
   0.38399,  -0.16439,   0.23290
   0.38441,  -0.16458,   0.23464
   0.38483,  -0.16476,   0.23637
   0.38524,  -0.16493,   0.23811
   0.38566,  -0.16509,   0.23984
   0.38607,  -0.16524,   0.24158
   0.38648,  -0.16539,   0.24331
   0.38689,  -0.16552,   0.24504
   0.38730,  -0.16564,   0.24677
   0.38771,  -0.16576,   0.24850
   0.38811,  -0.16586,   0.25022
   0.38851,  -0.16596,   0.25195
   0.38891,  -0.16605,   0.25367
   0.38931,  -0.16612,   0.25540
   0.38971,  -0.16619,   0.25712
   0.39010,  -0.16625,   0.25884
   0.39050,  -0.16629,   0.26057
   0.39089,  -0.16633,   0.26229
   0.39128,  -0.16636,   0.26400
   0.39167,  -0.16638,   0.26572
   0.39205,  -0.16639,   0.26744
   0.39244,  -0.16639,   0.26916
   0.39282,  -0.16638,   0.27087
   0.39320,  -0.16636,   0.27259
   0.39358,  -0.16633,   0.27430
   0.39396,  -0.16629,   0.27601
   0.39433,  -0.16624,   0.27772
   0.39471,  -0.16618,   0.27943
   0.39508,  -0.16611,   0.28114
   0.39545,  -0.16603,   0.28285
   0.39581,  -0.16594,   0.28456
   0.39618,  -0.16584,   0.28626
   0.39654,  -0.16573,   0.28797
   0.39690,  -0.16561,   0.28967
   0.39726,  -0.16548,   0.29138
   0.39762,  -0.16534,   0.29308
   0.39797,  -0.16519,   0.29478
   0.39833,  -0.16503,   0.29648
   0.39868,  -0.16486,   0.29818
   0.39903,  -0.16469,   0.29988
   0.39937,  -0.16450,   0.30158
   0.39972,  -0.16430,   0.30328
   0.40006,  -0.16409,   0.30498
   0.40040,  -0.16387,   0.30667
   0.40074,  -0.16364,   0.30837
   0.40107,  -0.16340,   0.31006
   0.40141,  -0.16315,   0.31175
   0.40174,  -0.16289,   0.31345
   0.40207,  -0.16262,   0.31514
   0.40239,  -0.16234,   0.31683
   0.40272,  -0.16205,   0.31852
   0.40304,  -0.16175,   0.32021
   0.40336,  -0.16143,   0.32190
   0.40368,  -0.16111,   0.32359
   0.40399,  -0.16078,   0.32527
   0.40430,  -0.16044,   0.32696
   0.40461,  -0.16009,   0.32865
   0.40492,  -0.15973,   0.33033
   0.40523,  -0.15935,   0.33202
   0.40553,  -0.15897,   0.33370
   0.40583,  -0.15858,   0.33538
   0.40613,  -0.15818,   0.33707
   0.40642,  -0.15776,   0.33875
   0.40672,  -0.15734,   0.34043
   0.40701,  -0.15691,   0.34211
   0.40729,  -0.15646,   0.34379
   0.40758,  -0.15601,   0.34547
   0.40786,  -0.15554,   0.34715
   0.40814,  -0.15507,   0.34883
   0.40842,  -0.15458,   0.35051
   0.40869,  -0.15409,   0.35218
   0.40896,  -0.15358,   0.35386
   0.40923,  -0.15307,   0.35554
   0.40950,  -0.15254,   0.35721
   0.40976,  -0.15201,   0.35889
   0.41003,  -0.15146,   0.36056
   0.41028,  -0.15090,   0.36224
   0.41054,  -0.15034,   0.36391
   0.41079,  -0.14976,   0.36558
   0.41104,  -0.14917,   0.36726
   0.41129,  -0.14858,   0.36893
   0.41153,  -0.14797,   0.37060
   0.41178,  -0.14735,   0.37227
   0.41201,  -0.14672,   0.37394
   0.41225,  -0.14609,   0.37561
   0.41248,  -0.14544,   0.37728
   0.41271,  -0.14478,   0.37896
   0.41294,  -0.14411,   0.38062
   0.41316,  -0.14343,   0.38229
   0.41338,  -0.14275,   0.38396
   0.41360,  -0.14205,   0.38563
   0.41382,  -0.14134,   0.38730
   0.41403,  -0.14062,   0.38897
   0.41424,  -0.13989,   0.39064
   0.41444,  -0.13915,   0.39230
   0.41465,  -0.13840,   0.39397
   0.41484,  -0.13764,   0.39564
   0.41504,  -0.13687,   0.39731
   0.41523,  -0.13610,   0.39897
   0.41542,  -0.13531,   0.40064
   0.41561,  -0.13451,   0.40231
   0.41579,  -0.13370,   0.40397
   0.41598,  -0.13288,   0.40564
   0.41615,  -0.13205,   0.40730
   0.41633,  -0.13121,   0.40897
   0.41650,  -0.13037,   0.41063
   0.41666,  -0.12951,   0.41230
   0.41683,  -0.12864,   0.41397
   0.41699,  -0.12776,   0.41563
   0.41715,  -0.12687,   0.41730
   0.41730,  -0.12598,   0.41896
   0.41745,  -0.12507,   0.42063
   0.41760,  -0.12415,   0.42229
   0.41774,  -0.12323,   0.42396
   0.41788,  -0.12229,   0.42562
   0.41802,  -0.12134,   0.42729
   0.41815,  -0.12039,   0.42895
   0.41828,  -0.11942,   0.43062
   0.41841,  -0.11845,   0.43228
   0.41853,  -0.11746,   0.43395
   0.41865,  -0.11647,   0.43561
   0.41877,  -0.11547,   0.43728
   0.41888,  -0.11445,   0.43894
   0.41899,  -0.11343,   0.44061
   0.41909,  -0.11240,   0.44227
   0.41919,  -0.11136,   0.44394
   0.41929,  -0.11031,   0.44560
   0.41938,  -0.10925,   0.44727
   0.41948,  -0.10818,   0.44893
   0.41956,  -0.10710,   0.45060
   0.41964,  -0.10601,   0.45227
   0.41972,  -0.10491,   0.45393
   0.41980,  -0.10381,   0.45560
   0.41987,  -0.10269,   0.45727
   0.41994,  -0.10157,   0.45893
   0.42000,  -0.10044,   0.46060
   0.42006,  -0.09929,   0.46227
   0.42012,  -0.09814,   0.46394
   0.42017,  -0.09698,   0.46561
   0.42022,  -0.09581,   0.46727
   0.42027,  -0.09463,   0.46894
   0.42031,  -0.09344,   0.47061
   0.42035,  -0.09225,   0.47228
   0.42038,  -0.09104,   0.47395
   0.42041,  -0.08983,   0.47562
   0.42044,  -0.08860,   0.47729
   0.42046,  -0.08737,   0.47896
   0.42047,  -0.08613,   0.48063
   0.42049,  -0.08488,   0.48230
   0.42050,  -0.08363,   0.48398
   0.42050,  -0.08236,   0.48565
   0.42051,  -0.08109,   0.48732
   0.42050,  -0.07980,   0.48899
   0.42050,  -0.07851,   0.49067
   0.42049,  -0.07721,   0.49234
   0.42047,  -0.07590,   0.49401
   0.42046,  -0.07459,   0.49569
   0.42043,  -0.07326,   0.49736
   0.42041,  -0.07193,   0.49904
   0.42038,  -0.07059,   0.50072
   0.42034,  -0.06924,   0.50239
   0.42030,  -0.06788,   0.50407
   0.42026,  -0.06651,   0.50575
   0.42021,  -0.06514,   0.50743
   0.42016,  -0.06376,   0.50910
   0.42011,  -0.06237,   0.51078
   0.42005,  -0.06097,   0.51246
   0.41998,  -0.05956,   0.51414
   0.41991,  -0.05815,   0.51582
   0.41984,  -0.05673,   0.51751
   0.41977,  -0.05530,   0.51919
   0.41968,  -0.05386,   0.52087
