# epsilon_xx, epsilon_yy, epsilon_xy
   0.00000,   0.00000,  -0.00000
  -0.00085,   0.00127,   0.00101
  -0.00170,   0.00254,   0.00203
  -0.00255,   0.00379,   0.00304
  -0.00341,   0.00502,   0.00405
  -0.00427,   0.00625,   0.00507
  -0.00513,   0.00746,   0.00608
  -0.00600,   0.00866,   0.00710
  -0.00686,   0.00985,   0.00811
  -0.00773,   0.01102,   0.00912
  -0.00860,   0.01218,   0.01014
  -0.00948,   0.01333,   0.01115
  -0.01036,   0.01447,   0.01216
  -0.01124,   0.01559,   0.01317
  -0.01212,   0.01671,   0.01419
  -0.01301,   0.01781,   0.01520
  -0.01389,   0.01889,   0.01621
  -0.01478,   0.01997,   0.01722
  -0.01568,   0.02103,   0.01823
  -0.01657,   0.02208,   0.01924
  -0.01747,   0.02312,   0.02025
  -0.01837,   0.02415,   0.02126
  -0.01927,   0.02516,   0.02226
  -0.02018,   0.02616,   0.02327
  -0.02109,   0.02715,   0.02427
  -0.02200,   0.02812,   0.02528
  -0.02291,   0.02909,   0.02628
  -0.02382,   0.03004,   0.02728
  -0.02474,   0.03098,   0.02828
  -0.02566,   0.03191,   0.02928
  -0.02658,   0.03282,   0.03028
  -0.02751,   0.03372,   0.03128
  -0.02843,   0.03462,   0.03228
  -0.02936,   0.03549,   0.03327
  -0.03029,   0.03636,   0.03426
  -0.03123,   0.03721,   0.03526
  -0.03216,   0.03806,   0.03625
  -0.03310,   0.03889,   0.03724
  -0.03404,   0.03971,   0.03822
  -0.03498,   0.04051,   0.03921
  -0.03593,   0.04131,   0.04019
  -0.03687,   0.04209,   0.04117
  -0.03782,   0.04286,   0.04215
  -0.03877,   0.04362,   0.04313
  -0.03973,   0.04437,   0.04411
  -0.04068,   0.04510,   0.04508
  -0.04164,   0.04583,   0.04606
  -0.04260,   0.04654,   0.04703
  -0.04356,   0.04724,   0.04800
  -0.04452,   0.04793,   0.04896
  -0.04549,   0.04860,   0.04993
  -0.04645,   0.04927,   0.05089
  -0.04742,   0.04992,   0.05185
  -0.04839,   0.05057,   0.05281
  -0.04936,   0.05120,   0.05376
  -0.05034,   0.05182,   0.05471
  -0.05131,   0.05243,   0.05567
  -0.05229,   0.05303,   0.05661
  -0.05327,   0.05361,   0.05756
  -0.05425,   0.05419,   0.05850
  -0.05524,   0.05475,   0.05944
  -0.05622,   0.05531,   0.06038
  -0.05721,   0.05585,   0.06132
  -0.05819,   0.05638,   0.06225
  -0.05918,   0.05690,   0.06318
  -0.06017,   0.05741,   0.06410
  -0.06116,   0.05791,   0.06503
  -0.06216,   0.05840,   0.06595
  -0.06315,   0.05887,   0.06687
  -0.06415,   0.05934,   0.06778
  -0.06515,   0.05980,   0.06870
  -0.06615,   0.06024,   0.06961
  -0.06715,   0.06068,   0.07051
  -0.06815,   0.06110,   0.07142
  -0.06915,   0.06152,   0.07232
  -0.07015,   0.06192,   0.07321
  -0.07116,   0.06231,   0.07411
  -0.07217,   0.06270,   0.07500
  -0.07317,   0.06307,   0.07589
  -0.07418,   0.06343,   0.07677
  -0.07519,   0.06379,   0.07765
  -0.07620,   0.06413,   0.07853
  -0.07721,   0.06446,   0.07940
  -0.07823,   0.06479,   0.08028
  -0.07924,   0.06510,   0.08114
  -0.08025,   0.06541,   0.08201
  -0.08127,   0.06570,   0.08287
  -0.08229,   0.06599,   0.08372
  -0.08330,   0.06626,   0.08458
  -0.08432,   0.06653,   0.08543
  -0.08534,   0.06678,   0.08627
  -0.08636,   0.06703,   0.08712
  -0.08738,   0.06727,   0.08795
  -0.08840,   0.06750,   0.08879
  -0.08942,   0.06772,   0.08962
  -0.09044,   0.06793,   0.09045
  -0.09146,   0.06813,   0.09127
  -0.09248,   0.06833,   0.09209
  -0.09351,   0.06851,   0.09291
  -0.09453,   0.06869,   0.09372
  -0.09555,   0.06885,   0.09453
  -0.09658,   0.06901,   0.09533
  -0.09760,   0.06916,   0.09613
  -0.09862,   0.06930,   0.09693
  -0.09965,   0.06944,   0.09772
  -0.10067,   0.06956,   0.09851
  -0.10170,   0.06968,   0.09930
  -0.10272,   0.06979,   0.10008
  -0.10374,   0.06989,   0.10085
  -0.10477,   0.06998,   0.10163
  -0.10579,   0.07006,   0.10239
  -0.10682,   0.07014,   0.10316
  -0.10784,   0.07021,   0.10392
  -0.10887,   0.07027,   0.10467
  -0.10989,   0.07032,   0.10542
  -0.11091,   0.07037,   0.10617
  -0.11194,   0.07041,   0.10691
  -0.11296,   0.07044,   0.10765
  -0.11398,   0.07046,   0.10839
  -0.11500,   0.07048,   0.10912
  -0.11603,   0.07049,   0.10984
  -0.11705,   0.07049,   0.11056
  -0.11807,   0.07048,   0.11128
  -0.11909,   0.07047,   0.11199
  -0.12011,   0.07045,   0.11270
  -0.12113,   0.07043,   0.11340
  -0.12214,   0.07039,   0.11410
  -0.12316,   0.07035,   0.11480
  -0.12418,   0.07031,   0.11549
  -0.12519,   0.07026,   0.11618
  -0.12621,   0.07020,   0.11686
  -0.12722,   0.07013,   0.11753
  -0.12824,   0.07006,   0.11821
  -0.12925,   0.06999,   0.11888
  -0.13026,   0.06990,   0.11954
  -0.13127,   0.06981,   0.12020
  -0.13228,   0.06972,   0.12085
  -0.13328,   0.06962,   0.12150
  -0.13429,   0.06951,   0.12215
  -0.13530,   0.06940,   0.12279
  -0.13630,   0.06928,   0.12343
  -0.13730,   0.06916,   0.12406
  -0.13830,   0.06903,   0.12468
  -0.13930,   0.06889,   0.12531
  -0.14030,   0.06875,   0.12593
  -0.14130,   0.06861,   0.12654
  -0.14229,   0.06846,   0.12715
  -0.14329,   0.06830,   0.12775
  -0.14428,   0.06814,   0.12835
  -0.14527,   0.06798,   0.12895
  -0.14626,   0.06781,   0.12954
  -0.14725,   0.06763,   0.13012
  -0.14823,   0.06745,   0.13070
  -0.14921,   0.06727,   0.13128
  -0.15020,   0.06708,   0.13185
  -0.15118,   0.06689,   0.13242
  -0.15215,   0.06669,   0.13298
  -0.15313,   0.06649,   0.13354
  -0.15410,   0.06629,   0.13409
  -0.15507,   0.06608,   0.13464
  -0.15604,   0.06586,   0.13519
  -0.15701,   0.06565,   0.13573
  -0.15798,   0.06543,   0.13626
  -0.15894,   0.06520,   0.13679
  -0.15990,   0.06497,   0.13732
  -0.16086,   0.06474,   0.13784
  -0.16181,   0.06451,   0.13835
  -0.16277,   0.06427,   0.13887
  -0.16372,   0.06402,   0.13937
  -0.16466,   0.06378,   0.13988
  -0.16561,   0.06353,   0.14037
  -0.16655,   0.06328,   0.14087
  -0.16749,   0.06302,   0.14136
  -0.16843,   0.06276,   0.14184
  -0.16937,   0.06250,   0.14232
  -0.17030,   0.06224,   0.14280
  -0.17123,   0.06197,   0.14327
  -0.17216,   0.06170,   0.14373
  -0.17308,   0.06143,   0.14419
  -0.17400,   0.06115,   0.14465
  -0.17492,   0.06088,   0.14510
  -0.17584,   0.06060,   0.14555
  -0.17675,   0.06032,   0.14599
  -0.17766,   0.06003,   0.14643
  -0.17856,   0.05975,   0.14687
  -0.17947,   0.05946,   0.14730
  -0.18037,   0.05917,   0.14772
  -0.18126,   0.05887,   0.14815
  -0.18215,   0.05858,   0.14856
  -0.18304,   0.05828,   0.14897
  -0.18393,   0.05799,   0.14938
  -0.18481,   0.05769,   0.14979
  -0.18569,   0.05739,   0.15019
  -0.18657,   0.05708,   0.15058
  -0.18744,   0.05678,   0.15097
  -0.18831,   0.05648,   0.15136
  -0.18918,   0.05617,   0.15174
  -0.19004,   0.05586,   0.15212
  -0.19090,   0.05555,   0.15249
  -0.19176,   0.05524,   0.15286
  -0.19261,   0.05493,   0.15322
  -0.19345,   0.05462,   0.15358
  -0.19430,   0.05431,   0.15394
  -0.19514,   0.05399,   0.15429
  -0.19597,   0.05368,   0.15464
  -0.19681,   0.05336,   0.15499
  -0.19764,   0.05305,   0.15532
  -0.19846,   0.05273,   0.15566
  -0.19928,   0.05241,   0.15599
  -0.20010,   0.05210,   0.15632
  -0.20091,   0.05178,   0.15664
  -0.20172,   0.05146,   0.15696
  -0.20252,   0.05114,   0.15728
  -0.20332,   0.05083,   0.15759
  -0.20412,   0.05051,   0.15790
  -0.20491,   0.05019,   0.15820
  -0.20570,   0.04987,   0.15850
  -0.20648,   0.04955,   0.15880
  -0.20726,   0.04923,   0.15909
  -0.20803,   0.04892,   0.15938
  -0.20880,   0.04860,   0.15966
  -0.20957,   0.04828,   0.15994
  -0.21033,   0.04796,   0.16022
  -0.21109,   0.04765,   0.16049
  -0.21184,   0.04733,   0.16076
  -0.21259,   0.04701,   0.16103
  -0.21333,   0.04670,   0.16129
  -0.21407,   0.04639,   0.16155
  -0.21480,   0.04607,   0.16180
  -0.21553,   0.04576,   0.16206
  -0.21626,   0.04545,   0.16230
  -0.21698,   0.04514,   0.16255
  -0.21769,   0.04483,   0.16279
  -0.21841,   0.04452,   0.16303
  -0.21911,   0.04421,   0.16326
  -0.21981,   0.04390,   0.16349
  -0.22051,   0.04360,   0.16372
  -0.22120,   0.04329,   0.16394
  -0.22189,   0.04299,   0.16416
  -0.22257,   0.04268,   0.16438
  -0.22325,   0.04238,   0.16459
  -0.22392,   0.04208,   0.16480
  -0.22459,   0.04179,   0.16501
  -0.22525,   0.04149,   0.16522
  -0.22590,   0.04119,   0.16542
  -0.22656,   0.04090,   0.16562
  -0.22720,   0.04061,   0.16581
  -0.22784,   0.04032,   0.16600
  -0.22848,   0.04003,   0.16619
  -0.22911,   0.03974,   0.16638
  -0.22974,   0.03946,   0.16656
  -0.23036,   0.03918,   0.16674
  -0.23098,   0.03889,   0.16692
  -0.23159,   0.03861,   0.16709
  -0.23219,   0.03834,   0.16727
  -0.23279,   0.03806,   0.16744
  -0.23339,   0.03779,   0.16760
  -0.23398,   0.03752,   0.16777
  -0.23456,   0.03725,   0.16793
  -0.23514,   0.03698,   0.16809
  -0.23572,   0.03672,   0.16824
  -0.23629,   0.03645,   0.16840
  -0.23685,   0.03619,   0.16855
  -0.23741,   0.03594,   0.16869
  -0.23796,   0.03568,   0.16884
  -0.23851,   0.03543,   0.16898
  -0.23905,   0.03518,   0.16913
  -0.23958,   0.03493,   0.16926
  -0.24012,   0.03468,   0.16940
  -0.24064,   0.03444,   0.16953
  -0.24116,   0.03420,   0.16967
  -0.24168,   0.03396,   0.16980
  -0.24218,   0.03372,   0.16992
  -0.24269,   0.03349,   0.17005
  -0.24319,   0.03326,   0.17017
  -0.24368,   0.03303,   0.17030
  -0.24416,   0.03281,   0.17041
  -0.24465,   0.03258,   0.17053
  -0.24512,   0.03237,   0.17065
  -0.24559,   0.03215,   0.17076
  -0.24606,   0.03193,   0.17087
  -0.24651,   0.03172,   0.17098
  -0.24697,   0.03151,   0.17109
  -0.24742,   0.03131,   0.17120
  -0.24786,   0.03111,   0.17130
  -0.24829,   0.03091,   0.17141
  -0.24873,   0.03071,   0.17151
  -0.24915,   0.03052,   0.17161
  -0.24957,   0.03033,   0.17171
  -0.24998,   0.03014,   0.17180
  -0.25039,   0.02995,   0.17190
  -0.25080,   0.02977,   0.17199
  -0.25119,   0.02959,   0.17208
  -0.25158,   0.02942,   0.17218
  -0.25197,   0.02925,   0.17227
  -0.25235,   0.02908,   0.17235
  -0.25272,   0.02891,   0.17244
  -0.25309,   0.02875,   0.17253
  -0.25346,   0.02859,   0.17261
  -0.25381,   0.02843,   0.17270
  -0.25417,   0.02828,   0.17278
  -0.25451,   0.02813,   0.17286
  -0.25485,   0.02798,   0.17294
  -0.25519,   0.02784,   0.17302
  -0.25552,   0.02769,   0.17310
  -0.25584,   0.02756,   0.17318
  -0.25616,   0.02742,   0.17326
  -0.25647,   0.02729,   0.17333
  -0.25678,   0.02716,   0.17341
  -0.25708,   0.02704,   0.17348
  -0.25737,   0.02692,   0.17356
  -0.25766,   0.02680,   0.17363
  -0.25795,   0.02669,   0.17370
  -0.25822,   0.02658,   0.17378
  -0.25850,   0.02647,   0.17385
  -0.25876,   0.02636,   0.17392
  -0.25903,   0.02626,   0.17399
  -0.25928,   0.02616,   0.17406
  -0.25953,   0.02607,   0.17413
  -0.25978,   0.02598,   0.17420
  -0.26002,   0.02589,   0.17427
  -0.26025,   0.02580,   0.17434
  -0.26048,   0.02572,   0.17441
  -0.26070,   0.02564,   0.17448
  -0.26092,   0.02557,   0.17454
  -0.26113,   0.02550,   0.17461
  -0.26134,   0.02543,   0.17468
  -0.26154,   0.02537,   0.17475
  -0.26173,   0.02530,   0.17482
  -0.26192,   0.02525,   0.17488
  -0.26211,   0.02519,   0.17495
  -0.26229,   0.02514,   0.17502
  -0.26246,   0.02509,   0.17509
  -0.26263,   0.02504,   0.17516
  -0.26279,   0.02500,   0.17523
  -0.26295,   0.02496,   0.17530
  -0.26310,   0.02493,   0.17536
  -0.26325,   0.02490,   0.17543
  -0.26339,   0.02487,   0.17550
  -0.26352,   0.02484,   0.17557
  -0.26365,   0.02482,   0.17564
  -0.26378,   0.02480,   0.17572
  -0.26390,   0.02479,   0.17579
  -0.26401,   0.02477,   0.17586
  -0.26412,   0.02476,   0.17593
  -0.26423,   0.02476,   0.17601
  -0.26433,   0.02475,   0.17608
  -0.26442,   0.02475,   0.17615
  -0.26451,   0.02476,   0.17623
  -0.26459,   0.02476,   0.17631
  -0.26467,   0.02477,   0.17638
  -0.26475,   0.02478,   0.17646
  -0.26481,   0.02480,   0.17654
  -0.26488,   0.02482,   0.17662
  -0.26494,   0.02484,   0.17670
  -0.26499,   0.02486,   0.17678
  -0.26504,   0.02489,   0.17686
  -0.26508,   0.02492,   0.17694
  -0.26512,   0.02496,   0.17703
  -0.26516,   0.02499,   0.17711
  -0.26519,   0.02503,   0.17720
  -0.26521,   0.02508,   0.17728
  -0.26523,   0.02512,   0.17737
  -0.26524,   0.02517,   0.17746
  -0.26525,   0.02522,   0.17755
  -0.26526,   0.02528,   0.17764
  -0.26526,   0.02533,   0.17774
  -0.26526,   0.02539,   0.17783
  -0.26525,   0.02545,   0.17793
  -0.26523,   0.02552,   0.17802
  -0.26522,   0.02559,   0.17812
  -0.26519,   0.02566,   0.17822
  -0.26517,   0.02573,   0.17832
  -0.26513,   0.02581,   0.17843
  -0.26510,   0.02589,   0.17853
  -0.26506,   0.02597,   0.17863
  -0.26501,   0.02605,   0.17874
  -0.26496,   0.02614,   0.17885
  -0.26491,   0.02623,   0.17896
  -0.26485,   0.02632,   0.17907
  -0.26479,   0.02641,   0.17919
  -0.26472,   0.02651,   0.17930
  -0.26465,   0.02661,   0.17942
  -0.26458,   0.02671,   0.17954
  -0.26450,   0.02682,   0.17966
  -0.26442,   0.02692,   0.17978
  -0.26433,   0.02703,   0.17990
  -0.26424,   0.02714,   0.18003
  -0.26415,   0.02726,   0.18015
  -0.26405,   0.02737,   0.18028
  -0.26394,   0.02749,   0.18041
  -0.26384,   0.02761,   0.18054
  -0.26373,   0.02773,   0.18068
  -0.26361,   0.02786,   0.18082
  -0.26349,   0.02798,   0.18095
  -0.26337,   0.02811,   0.18109
  -0.26325,   0.02824,   0.18124
  -0.26312,   0.02838,   0.18138
  -0.26298,   0.02851,   0.18153
  -0.26285,   0.02865,   0.18167
  -0.26271,   0.02879,   0.18182
  -0.26256,   0.02893,   0.18198
  -0.26242,   0.02907,   0.18213
  -0.26227,   0.02922,   0.18229
  -0.26211,   0.02936,   0.18245
  -0.26195,   0.02951,   0.18261
  -0.26179,   0.02966,   0.18277
  -0.26163,   0.02981,   0.18293
  -0.26146,   0.02996,   0.18310
  -0.26129,   0.03012,   0.18327
  -0.26112,   0.03028,   0.18344
  -0.26094,   0.03043,   0.18361
  -0.26076,   0.03059,   0.18379
  -0.26058,   0.03076,   0.18397
  -0.26039,   0.03092,   0.18415
  -0.26021,   0.03108,   0.18433
  -0.26001,   0.03125,   0.18451
  -0.25982,   0.03142,   0.18470
  -0.25962,   0.03158,   0.18489
  -0.25942,   0.03175,   0.18508
  -0.25922,   0.03193,   0.18528
  -0.25901,   0.03210,   0.18547
  -0.25880,   0.03227,   0.18567
  -0.25859,   0.03245,   0.18587
  -0.25838,   0.03262,   0.18607
  -0.25816,   0.03280,   0.18628
  -0.25795,   0.03298,   0.18648
  -0.25772,   0.03316,   0.18669
  -0.25750,   0.03334,   0.18691
  -0.25728,   0.03352,   0.18712
  -0.25705,   0.03370,   0.18734
  -0.25682,   0.03388,   0.18756
  -0.25658,   0.03407,   0.18778
  -0.25635,   0.03425,   0.18800
  -0.25611,   0.03444,   0.18823
  -0.25587,   0.03463,   0.18846
  -0.25563,   0.03481,   0.18869
  -0.25539,   0.03500,   0.18892
  -0.25514,   0.03519,   0.18915
  -0.25490,   0.03538,   0.18939
  -0.25465,   0.03557,   0.18963
  -0.25440,   0.03576,   0.18987
  -0.25415,   0.03595,   0.19012
  -0.25389,   0.03614,   0.19037
  -0.25364,   0.03633,   0.19062
  -0.25338,   0.03653,   0.19087
  -0.25312,   0.03672,   0.19112
  -0.25286,   0.03691,   0.19138
  -0.25260,   0.03711,   0.19164
  -0.25233,   0.03730,   0.19190
  -0.25207,   0.03749,   0.19216
  -0.25180,   0.03769,   0.19242
  -0.25153,   0.03788,   0.19269
  -0.25126,   0.03808,   0.19296
  -0.25099,   0.03827,   0.19323
  -0.25072,   0.03847,   0.19351
  -0.25045,   0.03866,   0.19379
  -0.25017,   0.03886,   0.19407
  -0.24990,   0.03905,   0.19435
  -0.24962,   0.03925,   0.19463
  -0.24935,   0.03944,   0.19492
  -0.24907,   0.03964,   0.19520
  -0.24879,   0.03983,   0.19549
  -0.24851,   0.04003,   0.19579
  -0.24823,   0.04022,   0.19608
  -0.24795,   0.04041,   0.19638
  -0.24767,   0.04061,   0.19668
  -0.24738,   0.04080,   0.19698
  -0.24710,   0.04099,   0.19728
  -0.24682,   0.04119,   0.19758
  -0.24653,   0.04138,   0.19789
  -0.24625,   0.04157,   0.19820
  -0.24596,   0.04176,   0.19851
  -0.24568,   0.04195,   0.19882
  -0.24539,   0.04214,   0.19914
  -0.24510,   0.04233,   0.19946
  -0.24482,   0.04252,   0.19978
  -0.24453,   0.04271,   0.20010
  -0.24424,   0.04289,   0.20042
  -0.24396,   0.04308,   0.20074
  -0.24367,   0.04327,   0.20107
  -0.24338,   0.04345,   0.20140
  -0.24309,   0.04364,   0.20173
  -0.24281,   0.04382,   0.20206
  -0.24252,   0.04400,   0.20240
  -0.24223,   0.04418,   0.20273
  -0.24194,   0.04436,   0.20307
  -0.24166,   0.04454,   0.20341
  -0.24137,   0.04472,   0.20375
  -0.24108,   0.04490,   0.20409
  -0.24080,   0.04508,   0.20444
  -0.24051,   0.04525,   0.20478
  -0.24023,   0.04543,   0.20513
  -0.23994,   0.04560,   0.20548
  -0.23966,   0.04577,   0.20583
  -0.23937,   0.04594,   0.20618
  -0.23909,   0.04611,   0.20654
  -0.23881,   0.04628,   0.20689
  -0.23853,   0.04645,   0.20725
  -0.23824,   0.04661,   0.20760
  -0.23796,   0.04678,   0.20796
  -0.23768,   0.04694,   0.20832
  -0.23740,   0.04710,   0.20869
  -0.23713,   0.04726,   0.20905
  -0.23685,   0.04742,   0.20941
  -0.23657,   0.04757,   0.20978
  -0.23630,   0.04773,   0.21015
  -0.23602,   0.04788,   0.21051
  -0.23575,   0.04804,   0.21088
  -0.23548,   0.04819,   0.21125
  -0.23521,   0.04834,   0.21162
  -0.23494,   0.04848,   0.21200
  -0.23467,   0.04863,   0.21237
  -0.23440,   0.04877,   0.21274
  -0.23413,   0.04892,   0.21312
  -0.23387,   0.04906,   0.21349
  -0.23360,   0.04919,   0.21387
  -0.23334,   0.04933,   0.21425
  -0.23308,   0.04947,   0.21462
  -0.23282,   0.04960,   0.21500
  -0.23256,   0.04973,   0.21538
  -0.23231,   0.04986,   0.21576
  -0.23205,   0.04999,   0.21614
  -0.23180,   0.05011,   0.21652
  -0.23155,   0.05024,   0.21690
  -0.23130,   0.05036,   0.21729
  -0.23105,   0.05048,   0.21767
  -0.23080,   0.05060,   0.21805
  -0.23056,   0.05071,   0.21843
  -0.23031,   0.05083,   0.21882
  -0.23007,   0.05094,   0.21920
  -0.22983,   0.05105,   0.21959
  -0.22959,   0.05115,   0.21997
  -0.22936,   0.05126,   0.22035
  -0.22912,   0.05136,   0.22074
  -0.22889,   0.05146,   0.22112
  -0.22866,   0.05156,   0.22151
  -0.22843,   0.05166,   0.22189
  -0.22821,   0.05175,   0.22227
  -0.22798,   0.05184,   0.22266
  -0.22776,   0.05193,   0.22304
  -0.22754,   0.05202,   0.22342
  -0.22732,   0.05210,   0.22381
  -0.22711,   0.05219,   0.22419
  -0.22690,   0.05227,   0.22457
  -0.22668,   0.05234,   0.22495
  -0.22648,   0.05242,   0.22533
  -0.22627,   0.05249,   0.22571
  -0.22607,   0.05256,   0.22609
  -0.22586,   0.05263,   0.22647
  -0.22566,   0.05270,   0.22685
  -0.22547,   0.05276,   0.22723
  -0.22527,   0.05282,   0.22761
  -0.22508,   0.05288,   0.22798
  -0.22489,   0.05294,   0.22836
  -0.22470,   0.05299,   0.22873
  -0.22452,   0.05304,   0.22911
  -0.22434,   0.05309,   0.22948
  -0.22416,   0.05314,   0.22985
  -0.22398,   0.05318,   0.23022
  -0.22380,   0.05322,   0.23059
  -0.22363,   0.05326,   0.23096
  -0.22346,   0.05330,   0.23132
  -0.22330,   0.05333,   0.23169
  -0.22313,   0.05336,   0.23205
  -0.22297,   0.05339,   0.23241
  -0.22281,   0.05342,   0.23277
  -0.22266,   0.05344,   0.23313
  -0.22250,   0.05346,   0.23349
  -0.22235,   0.05348,   0.23385
  -0.22220,   0.05350,   0.23420
  -0.22206,   0.05351,   0.23455
  -0.22192,   0.05352,   0.23490
  -0.22178,   0.05353,   0.23525
  -0.22164,   0.05353,   0.23559
  -0.22151,   0.05354,   0.23594
  -0.22137,   0.05354,   0.23628
  -0.22125,   0.05353,   0.23662
  -0.22112,   0.05353,   0.23696
  -0.22100,   0.05352,   0.23729
  -0.22088,   0.05351,   0.23763
  -0.22076,   0.05350,   0.23796
  -0.22065,   0.05348,   0.23828
  -0.22054,   0.05346,   0.23861
  -0.22043,   0.05344,   0.23893
  -0.22032,   0.05342,   0.23925
  -0.22022,   0.05339,   0.23957
  -0.22012,   0.05336,   0.23989
  -0.22003,   0.05333,   0.24020
  -0.21993,   0.05330,   0.24051
  -0.21984,   0.05326,   0.24081
  -0.21976,   0.05322,   0.24112
  -0.21967,   0.05318,   0.24142
  -0.21959,   0.05314,   0.24171
  -0.21951,   0.05309,   0.24201
  -0.21944,   0.05304,   0.24230
  -0.21936,   0.05299,   0.24259
  -0.21930,   0.05293,   0.24287
  -0.21923,   0.05287,   0.24315
  -0.21917,   0.05281,   0.24343
  -0.21911,   0.05275,   0.24370
  -0.21905,   0.05269,   0.24397
  -0.21899,   0.05262,   0.24424
  -0.21894,   0.05255,   0.24450
  -0.21889,   0.05247,   0.24476
  -0.21885,   0.05240,   0.24502
  -0.21881,   0.05232,   0.24527
  -0.21877,   0.05224,   0.24551
  -0.21873,   0.05216,   0.24576
  -0.21870,   0.05207,   0.24600
  -0.21867,   0.05199,   0.24623
  -0.21864,   0.05189,   0.24646
  -0.21862,   0.05180,   0.24669
  -0.21860,   0.05171,   0.24691
  -0.21858,   0.05161,   0.24713
  -0.21856,   0.05151,   0.24734
  -0.21855,   0.05141,   0.24755
  -0.21854,   0.05130,   0.24776
  -0.21854,   0.05119,   0.24796
  -0.21853,   0.05108,   0.24815
  -0.21853,   0.05097,   0.24834
  -0.21854,   0.05086,   0.24853
  -0.21854,   0.05074,   0.24871
  -0.21855,   0.05062,   0.24889
  -0.21856,   0.05050,   0.24906
  -0.21858,   0.05038,   0.24922
  -0.21859,   0.05025,   0.24938
  -0.21862,   0.05012,   0.24954
  -0.21864,   0.04999,   0.24969
  -0.21866,   0.04986,   0.24984
  -0.21869,   0.04973,   0.24998
  -0.21873,   0.04959,   0.25011
  -0.21876,   0.04945,   0.25024
  -0.21880,   0.04931,   0.25036
  -0.21884,   0.04917,   0.25048
  -0.21888,   0.04902,   0.25059
  -0.21893,   0.04888,   0.25070
  -0.21898,   0.04873,   0.25080
  -0.21903,   0.04857,   0.25089
  -0.21908,   0.04842,   0.25098
  -0.21914,   0.04827,   0.25107
  -0.21920,   0.04811,   0.25114
  -0.21926,   0.04795,   0.25121
  -0.21933,   0.04779,   0.25128
  -0.21940,   0.04763,   0.25134
  -0.21947,   0.04746,   0.25139
  -0.21954,   0.04729,   0.25144
  -0.21962,   0.04713,   0.25148
  -0.21970,   0.04696,   0.25151
  -0.21978,   0.04678,   0.25154
  -0.21986,   0.04661,   0.25156
  -0.21995,   0.04643,   0.25157
  -0.22004,   0.04626,   0.25158
  -0.22013,   0.04608,   0.25158
  -0.22022,   0.04590,   0.25157
  -0.22032,   0.04572,   0.25156
  -0.22042,   0.04553,   0.25154
  -0.22052,   0.04535,   0.25151
  -0.22062,   0.04516,   0.25148
  -0.22073,   0.04497,   0.25143
  -0.22083,   0.04478,   0.25139
  -0.22095,   0.04459,   0.25133
  -0.22106,   0.04440,   0.25127
  -0.22117,   0.04421,   0.25120
  -0.22129,   0.04401,   0.25112
  -0.22141,   0.04381,   0.25104
  -0.22153,   0.04362,   0.25094
  -0.22166,   0.04342,   0.25084
  -0.22178,   0.04322,   0.25074
  -0.22191,   0.04302,   0.25062
  -0.22204,   0.04281,   0.25050
  -0.22218,   0.04261,   0.25037
  -0.22231,   0.04241,   0.25023
  -0.22245,   0.04220,   0.25009
  -0.22259,   0.04199,   0.24993
  -0.22273,   0.04179,   0.24977
  -0.22287,   0.04158,   0.24960
  -0.22301,   0.04137,   0.24942
  -0.22316,   0.04116,   0.24924
  -0.22331,   0.04095,   0.24904
  -0.22346,   0.04074,   0.24884
  -0.22361,   0.04052,   0.24863
  -0.22376,   0.04031,   0.24841
  -0.22392,   0.04010,   0.24819
  -0.22408,   0.03988,   0.24795
  -0.22424,   0.03967,   0.24771
  -0.22440,   0.03945,   0.24746
  -0.22456,   0.03923,   0.24720
  -0.22472,   0.03902,   0.24693
  -0.22489,   0.03880,   0.24665
  -0.22506,   0.03858,   0.24636
  -0.22522,   0.03836,   0.24607
  -0.22539,   0.03815,   0.24576
  -0.22557,   0.03793,   0.24545
  -0.22574,   0.03771,   0.24513
  -0.22591,   0.03749,   0.24480
  -0.22609,   0.03727,   0.24446
  -0.22627,   0.03705,   0.24411
  -0.22644,   0.03683,   0.24375
  -0.22662,   0.03661,   0.24339
  -0.22680,   0.03639,   0.24301
  -0.22699,   0.03617,   0.24262
  -0.22717,   0.03595,   0.24223
  -0.22735,   0.03573,   0.24183
  -0.22754,   0.03551,   0.24141
  -0.22772,   0.03529,   0.24099
  -0.22791,   0.03508,   0.24056
  -0.22810,   0.03486,   0.24012
  -0.22829,   0.03464,   0.23967
  -0.22848,   0.03442,   0.23921
  -0.22867,   0.03420,   0.23874
  -0.22886,   0.03399,   0.23826
  -0.22905,   0.03377,   0.23777
  -0.22924,   0.03355,   0.23728
  -0.22944,   0.03334,   0.23677
  -0.22963,   0.03312,   0.23625
  -0.22983,   0.03291,   0.23572
  -0.23002,   0.03270,   0.23519
  -0.23022,   0.03248,   0.23464
  -0.23042,   0.03227,   0.23408
  -0.23061,   0.03206,   0.23352
  -0.23081,   0.03185,   0.23294
  -0.23101,   0.03164,   0.23235
  -0.23121,   0.03143,   0.23176
  -0.23141,   0.03123,   0.23115
  -0.23161,   0.03102,   0.23053
  -0.23181,   0.03082,   0.22990
  -0.23201,   0.03061,   0.22927
  -0.23221,   0.03041,   0.22862
  -0.23241,   0.03021,   0.22796
  -0.23261,   0.03001,   0.22730
  -0.23281,   0.02981,   0.22662
  -0.23301,   0.02961,   0.22593
  -0.23321,   0.02942,   0.22523
  -0.23341,   0.02922,   0.22452
  -0.23361,   0.02903,   0.22380
  -0.23381,   0.02884,   0.22307
  -0.23401,   0.02865,   0.22233
  -0.23421,   0.02846,   0.22158
  -0.23441,   0.02828,   0.22082
  -0.23461,   0.02809,   0.22005
  -0.23481,   0.02791,   0.21927
  -0.23501,   0.02773,   0.21847
  -0.23521,   0.02755,   0.21767
  -0.23541,   0.02738,   0.21686
  -0.23561,   0.02720,   0.21603
  -0.23581,   0.02703,   0.21520
  -0.23600,   0.02686,   0.21435
  -0.23620,   0.02669,   0.21349
  -0.23640,   0.02653,   0.21263
  -0.23659,   0.02636,   0.21175
  -0.23679,   0.02620,   0.21086
  -0.23698,   0.02604,   0.20996
  -0.23717,   0.02589,   0.20905
  -0.23737,   0.02573,   0.20813
  -0.23756,   0.02558,   0.20720
  -0.23775,   0.02543,   0.20625
  -0.23794,   0.02529,   0.20530
  -0.23813,   0.02514,   0.20434
  -0.23832,   0.02500,   0.20336
  -0.23851,   0.02486,   0.20237
  -0.23869,   0.02473,   0.20138
  -0.23888,   0.02460,   0.20037
  -0.23906,   0.02447,   0.19935
  -0.23925,   0.02434,   0.19832
  -0.23943,   0.02422,   0.19728
  -0.23961,   0.02410,   0.19623
  -0.23979,   0.02398,   0.19516
  -0.23997,   0.02387,   0.19409
  -0.24015,   0.02376,   0.19300
  -0.24032,   0.02365,   0.19191
  -0.24050,   0.02354,   0.19080
  -0.24067,   0.02344,   0.18968
  -0.24084,   0.02335,   0.18855
  -0.24101,   0.02325,   0.18741
  -0.24118,   0.02316,   0.18626
  -0.24135,   0.02308,   0.18510
  -0.24152,   0.02299,   0.18392
  -0.24168,   0.02291,   0.18274
  -0.24184,   0.02284,   0.18154
  -0.24201,   0.02277,   0.18034
  -0.24217,   0.02270,   0.17912
  -0.24232,   0.02263,   0.17789
  -0.24248,   0.02257,   0.17665
  -0.24263,   0.02252,   0.17540
  -0.24279,   0.02246,   0.17414
  -0.24294,   0.02242,   0.17286
  -0.24309,   0.02237,   0.17158
  -0.24324,   0.02233,   0.17028
  -0.24338,   0.02229,   0.16898
  -0.24352,   0.02226,   0.16766
  -0.24367,   0.02224,   0.16633
  -0.24380,   0.02221,   0.16499
  -0.24394,   0.02219,   0.16364
  -0.24408,   0.02218,   0.16228
  -0.24421,   0.02217,   0.16090
  -0.24434,   0.02216,   0.15952
  -0.24447,   0.02216,   0.15812
  -0.24460,   0.02217,   0.15672
  -0.24472,   0.02218,   0.15530
  -0.24485,   0.02219,   0.15387
  -0.24497,   0.02221,   0.15243
  -0.24508,   0.02223,   0.15098
  -0.24520,   0.02226,   0.14952
  -0.24531,   0.02229,   0.14805
  -0.24542,   0.02233,   0.14656
  -0.24553,   0.02237,   0.14507
  -0.24564,   0.02242,   0.14357
  -0.24574,   0.02247,   0.14205
  -0.24584,   0.02253,   0.14052
  -0.24594,   0.02260,   0.13898
  -0.24604,   0.02266,   0.13743
  -0.24613,   0.02274,   0.13587
  -0.24623,   0.02282,   0.13430
  -0.24631,   0.02290,   0.13272
  -0.24640,   0.02299,   0.13113
  -0.24648,   0.02309,   0.12953
  -0.24657,   0.02319,   0.12791
  -0.24664,   0.02329,   0.12629
  -0.24672,   0.02341,   0.12465
  -0.24679,   0.02352,   0.12300
  -0.24686,   0.02365,   0.12135
  -0.24693,   0.02378,   0.11968
  -0.24700,   0.02391,   0.11800
  -0.24706,   0.02405,   0.11631
  -0.24712,   0.02420,   0.11461
  -0.24718,   0.02435,   0.11290
  -0.24723,   0.02451,   0.11118
  -0.24728,   0.02468,   0.10945
  -0.24733,   0.02485,   0.10770
  -0.24737,   0.02502,   0.10595
  -0.24742,   0.02521,   0.10419
  -0.24746,   0.02539,   0.10241
  -0.24749,   0.02559,   0.10063
  -0.24753,   0.02579,   0.09883
  -0.24756,   0.02600,   0.09703
  -0.24759,   0.02621,   0.09521
  -0.24761,   0.02643,   0.09339
  -0.24763,   0.02666,   0.09155
  -0.24765,   0.02689,   0.08970
  -0.24767,   0.02713,   0.08785
  -0.24768,   0.02738,   0.08598
  -0.24769,   0.02763,   0.08410
  -0.24770,   0.02789,   0.08221
  -0.24770,   0.02816,   0.08032
  -0.24770,   0.02843,   0.07841
  -0.24770,   0.02871,   0.07649
  -0.24770,   0.02899,   0.07456
  -0.24769,   0.02929,   0.07262
  -0.24768,   0.02959,   0.07068
  -0.24766,   0.02989,   0.06872
  -0.24764,   0.03021,   0.06675
  -0.24762,   0.03053,   0.06477
  -0.24760,   0.03086,   0.06278
  -0.24757,   0.03119,   0.06079
  -0.24754,   0.03153,   0.05878
  -0.24751,   0.03188,   0.05676
  -0.24747,   0.03224,   0.05474
  -0.24743,   0.03260,   0.05270
  -0.24739,   0.03297,   0.05065
  -0.24735,   0.03335,   0.04860
  -0.24730,   0.03373,   0.04653
  -0.24725,   0.03412,   0.04446
  -0.24719,   0.03452,   0.04237
  -0.24713,   0.03493,   0.04028
  -0.24707,   0.03534,   0.03818
  -0.24701,   0.03576,   0.03607
  -0.24694,   0.03619,   0.03394
  -0.24687,   0.03663,   0.03181
  -0.24679,   0.03707,   0.02967
  -0.24672,   0.03752,   0.02752
  -0.24664,   0.03798,   0.02537
  -0.24655,   0.03845,   0.02320
  -0.24647,   0.03892,   0.02102
  -0.24638,   0.03940,   0.01884
  -0.24629,   0.03989,   0.01664
  -0.24619,   0.04039,   0.01444
  -0.24609,   0.04089,   0.01223
  -0.24599,   0.04140,   0.01001
  -0.24588,   0.04192,   0.00778
  -0.24577,   0.04245,   0.00554
  -0.24566,   0.04299,   0.00329
  -0.24555,   0.04353,   0.00104
  -0.24543,   0.04408,  -0.00123
  -0.24531,   0.04464,  -0.00350
  -0.24519,   0.04521,  -0.00578
  -0.24506,   0.04579,  -0.00807
  -0.24493,   0.04637,  -0.01037
  -0.24480,   0.04696,  -0.01267
  -0.24466,   0.04756,  -0.01499
  -0.24452,   0.04817,  -0.01731
  -0.24438,   0.04878,  -0.01964
  -0.24423,   0.04941,  -0.02198
  -0.24409,   0.05004,  -0.02433
  -0.24393,   0.05068,  -0.02668
  -0.24378,   0.05133,  -0.02904
  -0.24362,   0.05199,  -0.03141
  -0.24346,   0.05265,  -0.03379
  -0.24330,   0.05332,  -0.03618
  -0.24313,   0.05400,  -0.03857
  -0.24297,   0.05469,  -0.04097
  -0.24279,   0.05539,  -0.04338
  -0.24262,   0.05610,  -0.04580
  -0.24244,   0.05681,  -0.04823
  -0.24226,   0.05754,  -0.05066
  -0.24208,   0.05827,  -0.05310
  -0.24189,   0.05901,  -0.05554
  -0.24170,   0.05975,  -0.05800
  -0.24151,   0.06051,  -0.06046
  -0.24132,   0.06128,  -0.06293
  -0.24112,   0.06205,  -0.06540
  -0.24092,   0.06283,  -0.06788
  -0.24072,   0.06362,  -0.07037
  -0.24051,   0.06442,  -0.07287
  -0.24031,   0.06523,  -0.07537
  -0.24009,   0.06604,  -0.07788
  -0.23988,   0.06687,  -0.08040
  -0.23967,   0.06770,  -0.08292
  -0.23945,   0.06854,  -0.08545
  -0.23923,   0.06939,  -0.08799
  -0.23900,   0.07025,  -0.09053
  -0.23878,   0.07112,  -0.09308
  -0.23855,   0.07199,  -0.09563
  -0.23832,   0.07288,  -0.09820
  -0.23808,   0.07377,  -0.10076
  -0.23785,   0.07467,  -0.10334
  -0.23761,   0.07558,  -0.10592
  -0.23737,   0.07650,  -0.10851
  -0.23713,   0.07743,  -0.11110
  -0.23688,   0.07837,  -0.11370
  -0.23663,   0.07931,  -0.11630
  -0.23638,   0.08027,  -0.11891
  -0.23613,   0.08123,  -0.12153
  -0.23588,   0.08220,  -0.12415
  -0.23562,   0.08318,  -0.12677
  -0.23536,   0.08417,  -0.12941
  -0.23510,   0.08517,  -0.13205
  -0.23484,   0.08617,  -0.13469
  -0.23457,   0.08719,  -0.13734
  -0.23430,   0.08821,  -0.13999
  -0.23404,   0.08924,  -0.14265
  -0.23376,   0.09028,  -0.14532
  -0.23349,   0.09133,  -0.14799
  -0.23322,   0.09239,  -0.15066
  -0.23294,   0.09346,  -0.15334
  -0.23266,   0.09453,  -0.15602
  -0.23238,   0.09562,  -0.15871
  -0.23209,   0.09671,  -0.16141
  -0.23181,   0.09782,  -0.16411
  -0.23152,   0.09893,  -0.16681
  -0.23124,   0.10005,  -0.16952
  -0.23095,   0.10118,  -0.17223
  -0.23065,   0.10231,  -0.17495
  -0.23036,   0.10346,  -0.17767
  -0.23007,   0.10461,  -0.18039
  -0.22977,   0.10578,  -0.18312
  -0.22947,   0.10695,  -0.18586
  -0.22917,   0.10813,  -0.18859
  -0.22887,   0.10932,  -0.19134
  -0.22857,   0.11052,  -0.19408
  -0.22827,   0.11173,  -0.19683
  -0.22796,   0.11294,  -0.19958
  -0.22765,   0.11417,  -0.20234
  -0.22735,   0.11540,  -0.20510
  -0.22704,   0.11664,  -0.20787
  -0.22673,   0.11789,  -0.21063
  -0.22641,   0.11915,  -0.21340
  -0.22610,   0.12042,  -0.21618
  -0.22579,   0.12170,  -0.21896
  -0.22547,   0.12298,  -0.22174
  -0.22516,   0.12428,  -0.22452
  -0.22484,   0.12558,  -0.22731
  -0.22452,   0.12689,  -0.23010
  -0.22420,   0.12821,  -0.23289
  -0.22388,   0.12954,  -0.23569
  -0.22356,   0.13088,  -0.23849
  -0.22324,   0.13223,  -0.24129
  -0.22291,   0.13358,  -0.24409
  -0.22259,   0.13494,  -0.24690
  -0.22227,   0.13632,  -0.24971
  -0.22194,   0.13770,  -0.25252
  -0.22161,   0.13909,  -0.25533
  -0.22129,   0.14048,  -0.25815
  -0.22096,   0.14189,  -0.26097
  -0.22063,   0.14330,  -0.26379
  -0.22031,   0.14473,  -0.26661
  -0.21998,   0.14616,  -0.26944
  -0.21965,   0.14760,  -0.27226
  -0.21932,   0.14905,  -0.27509
  -0.21899,   0.15051,  -0.27792
  -0.21866,   0.15197,  -0.28075
  -0.21833,   0.15345,  -0.28359
  -0.21799,   0.15493,  -0.28642
  -0.21766,   0.15642,  -0.28926
  -0.21733,   0.15792,  -0.29210
  -0.21700,   0.15943,  -0.29494
  -0.21667,   0.16094,  -0.29778
  -0.21634,   0.16247,  -0.30062
  -0.21600,   0.16400,  -0.30346
  -0.21567,   0.16554,  -0.30631
