# epsilon_xx, epsilon_yy, epsilon_xy
   0.00000,  -0.00000,   0.00000
   0.00254,   0.00041,  -0.00168
   0.00508,   0.00083,  -0.00335
   0.00761,   0.00124,  -0.00502
   0.01013,   0.00166,  -0.00670
   0.01264,   0.00208,  -0.00837
   0.01514,   0.00250,  -0.01004
   0.01764,   0.00292,  -0.01170
   0.02013,   0.00334,  -0.01337
   0.02261,   0.00377,  -0.01504
   0.02508,   0.00419,  -0.01670
   0.02754,   0.00461,  -0.01837
   0.02999,   0.00504,  -0.02003
   0.03244,   0.00547,  -0.02169
   0.03488,   0.00590,  -0.02335
   0.03731,   0.00633,  -0.02501
   0.03973,   0.00676,  -0.02667
   0.04214,   0.00719,  -0.02832
   0.04454,   0.00762,  -0.02998
   0.04694,   0.00806,  -0.03163
   0.04932,   0.00849,  -0.03328
   0.05170,   0.00893,  -0.03493
   0.05407,   0.00937,  -0.03658
   0.05643,   0.00981,  -0.03823
   0.05878,   0.01024,  -0.03988
   0.06112,   0.01068,  -0.04152
   0.06345,   0.01113,  -0.04317
   0.06577,   0.01157,  -0.04481
   0.06809,   0.01201,  -0.04645
   0.07039,   0.01246,  -0.04809
   0.07269,   0.01290,  -0.04973
   0.07497,   0.01335,  -0.05137
   0.07725,   0.01380,  -0.05300
   0.07951,   0.01424,  -0.05464
   0.08177,   0.01469,  -0.05627
   0.08402,   0.01514,  -0.05790
   0.08626,   0.01560,  -0.05953
   0.08848,   0.01605,  -0.06116
   0.09070,   0.01650,  -0.06279
   0.09291,   0.01695,  -0.06441
   0.09511,   0.01741,  -0.06604
   0.09730,   0.01787,  -0.06766
   0.09948,   0.01832,  -0.06929
   0.10165,   0.01878,  -0.07091
   0.10381,   0.01924,  -0.07253
   0.10596,   0.01970,  -0.07414
   0.10810,   0.02016,  -0.07576
   0.11023,   0.02062,  -0.07737
   0.11235,   0.02108,  -0.07899
   0.11446,   0.02155,  -0.08060
   0.11656,   0.02201,  -0.08221
   0.11864,   0.02247,  -0.08382
   0.12072,   0.02294,  -0.08543
   0.12279,   0.02341,  -0.08704
   0.12485,   0.02387,  -0.08864
   0.12690,   0.02434,  -0.09024
   0.12893,   0.02481,  -0.09185
   0.13096,   0.02528,  -0.09345
   0.13298,   0.02575,  -0.09505
   0.13498,   0.02623,  -0.09664
   0.13698,   0.02670,  -0.09824
   0.13896,   0.02717,  -0.09984
   0.14094,   0.02765,  -0.10143
   0.14290,   0.02812,  -0.10302
   0.14485,   0.02860,  -0.10461
   0.14680,   0.02908,  -0.10620
   0.14873,   0.02955,  -0.10779
   0.15065,   0.03003,  -0.10938
   0.15256,   0.03051,  -0.11096
   0.15446,   0.03099,  -0.11255
   0.15635,   0.03147,  -0.11413
   0.15823,   0.03196,  -0.11571
   0.16009,   0.03244,  -0.11729
   0.16195,   0.03292,  -0.11887
   0.16379,   0.03341,  -0.12044
   0.16563,   0.03389,  -0.12202
   0.16745,   0.03438,  -0.12359
   0.16926,   0.03487,  -0.12516
   0.17107,   0.03536,  -0.12673
   0.17286,   0.03585,  -0.12830
   0.17464,   0.03634,  -0.12987
   0.17640,   0.03683,  -0.13144
   0.17816,   0.03732,  -0.13300
   0.17991,   0.03781,  -0.13457
   0.18164,   0.03830,  -0.13613
   0.18337,   0.03880,  -0.13769
   0.18508,   0.03929,  -0.13925
   0.18678,   0.03979,  -0.14080
   0.18847,   0.04029,  -0.14236
   0.19015,   0.04078,  -0.14392
   0.19182,   0.04128,  -0.14547
   0.19348,   0.04178,  -0.14702
   0.19513,   0.04228,  -0.14857
   0.19676,   0.04278,  -0.15012
   0.19838,   0.04329,  -0.15167
   0.20000,   0.04379,  -0.15321
   0.20160,   0.04429,  -0.15476
   0.20319,   0.04480,  -0.15630
   0.20477,   0.04530,  -0.15784
   0.20633,   0.04581,  -0.15939
   0.20789,   0.04632,  -0.16092
   0.20944,   0.04682,  -0.16246
   0.21097,   0.04733,  -0.16400
   0.21249,   0.04784,  -0.16553
   0.21400,   0.04835,  -0.16707
   0.21550,   0.04886,  -0.16860
   0.21699,   0.04938,  -0.17013
   0.21847,   0.04989,  -0.17166
   0.21994,   0.05040,  -0.17319
   0.22139,   0.05092,  -0.17471
   0.22284,   0.05144,  -0.17624
   0.22427,   0.05195,  -0.17776
   0.22569,   0.05247,  -0.17928
   0.22710,   0.05299,  -0.18080
   0.22850,   0.05351,  -0.18232
   0.22989,   0.05403,  -0.18384
   0.23126,   0.05455,  -0.18535
   0.23263,   0.05507,  -0.18687
   0.23398,   0.05560,  -0.18838
   0.23533,   0.05612,  -0.18989
   0.23666,   0.05665,  -0.19140
   0.23798,   0.05717,  -0.19291
   0.23929,   0.05770,  -0.19442
   0.24059,   0.05823,  -0.19593
   0.24187,   0.05876,  -0.19743
   0.24315,   0.05929,  -0.19893
   0.24441,   0.05982,  -0.20044
   0.24567,   0.06035,  -0.20194
   0.24691,   0.06088,  -0.20344
   0.24814,   0.06142,  -0.20493
   0.24936,   0.06195,  -0.20643
   0.25057,   0.06249,  -0.20792
   0.25177,   0.06303,  -0.20942
   0.25296,   0.06356,  -0.21091
   0.25413,   0.06410,  -0.21240
   0.25530,   0.06464,  -0.21389
   0.25645,   0.06518,  -0.21538
   0.25760,   0.06572,  -0.21686
   0.25873,   0.06627,  -0.21835
   0.25985,   0.06681,  -0.21983
   0.26096,   0.06736,  -0.22131
   0.26206,   0.06790,  -0.22279
   0.26315,   0.06845,  -0.22427
   0.26423,   0.06900,  -0.22575
   0.26530,   0.06954,  -0.22722
   0.26635,   0.07009,  -0.22870
   0.26740,   0.07065,  -0.23017
   0.26843,   0.07120,  -0.23164
   0.26946,   0.07175,  -0.23311
   0.27047,   0.07230,  -0.23458
   0.27147,   0.07286,  -0.23605
   0.27247,   0.07341,  -0.23751
   0.27345,   0.07397,  -0.23898
   0.27442,   0.07453,  -0.24044
   0.27538,   0.07509,  -0.24190
   0.27633,   0.07565,  -0.24336
   0.27727,   0.07621,  -0.24482
   0.27820,   0.07677,  -0.24628
   0.27912,   0.07733,  -0.24773
   0.28003,   0.07790,  -0.24918
   0.28093,   0.07846,  -0.25064
   0.28182,   0.07903,  -0.25209
   0.28269,   0.07960,  -0.25354
   0.28356,   0.08017,  -0.25498
   0.28442,   0.08074,  -0.25643
   0.28527,   0.08131,  -0.25788
   0.28610,   0.08188,  -0.25932
   0.28693,   0.08245,  -0.26076
   0.28775,   0.08302,  -0.26220
   0.28855,   0.08360,  -0.26364
   0.28935,   0.08418,  -0.26508
   0.29014,   0.08475,  -0.26651
   0.29092,   0.08533,  -0.26795
   0.29168,   0.08591,  -0.26938
   0.29244,   0.08649,  -0.27081
   0.29319,   0.08707,  -0.27224
   0.29393,   0.08765,  -0.27367
   0.29466,   0.08824,  -0.27510
   0.29538,   0.08882,  -0.27652
   0.29609,   0.08941,  -0.27794
   0.29679,   0.08999,  -0.27937
   0.29748,   0.09058,  -0.28079
   0.29816,   0.09117,  -0.28220
   0.29883,   0.09176,  -0.28362
   0.29949,   0.09235,  -0.28504
   0.30015,   0.09294,  -0.28645
   0.30079,   0.09354,  -0.28786
   0.30143,   0.09413,  -0.28927
   0.30205,   0.09473,  -0.29068
   0.30267,   0.09532,  -0.29209
   0.30328,   0.09592,  -0.29350
   0.30388,   0.09652,  -0.29490
   0.30446,   0.09712,  -0.29630
   0.30505,   0.09772,  -0.29770
   0.30562,   0.09832,  -0.29910
   0.30618,   0.09893,  -0.30050
   0.30674,   0.09953,  -0.30190
   0.30728,   0.10014,  -0.30329
   0.30782,   0.10074,  -0.30468
   0.30835,   0.10135,  -0.30608
   0.30887,   0.10196,  -0.30746
   0.30938,   0.10257,  -0.30885
   0.30988,   0.10318,  -0.31024
   0.31038,   0.10379,  -0.31162
   0.31087,   0.10440,  -0.31301
   0.31134,   0.10502,  -0.31439
   0.31181,   0.10563,  -0.31577
   0.31228,   0.10625,  -0.31714
   0.31273,   0.10687,  -0.31852
   0.31318,   0.10748,  -0.31989
   0.31362,   0.10810,  -0.32126
   0.31405,   0.10872,  -0.32264
   0.31447,   0.10935,  -0.32400
   0.31489,   0.10997,  -0.32537
   0.31529,   0.11059,  -0.32674
   0.31569,   0.11122,  -0.32810
   0.31608,   0.11184,  -0.32946
   0.31647,   0.11247,  -0.33082
   0.31685,   0.11310,  -0.33218
   0.31722,   0.11372,  -0.33353
   0.31758,   0.11435,  -0.33489
   0.31794,   0.11498,  -0.33624
   0.31828,   0.11562,  -0.33759
   0.31863,   0.11625,  -0.33894
   0.31896,   0.11688,  -0.34029
   0.31929,   0.11752,  -0.34163
   0.31961,   0.11815,  -0.34298
   0.31992,   0.11879,  -0.34432
   0.32023,   0.11943,  -0.34566
   0.32053,   0.12007,  -0.34699
   0.32082,   0.12071,  -0.34833
   0.32111,   0.12135,  -0.34966
   0.32139,   0.12199,  -0.35099
   0.32166,   0.12263,  -0.35232
   0.32193,   0.12327,  -0.35365
   0.32219,   0.12392,  -0.35498
   0.32245,   0.12456,  -0.35630
   0.32269,   0.12521,  -0.35762
   0.32294,   0.12586,  -0.35894
   0.32317,   0.12651,  -0.36026
   0.32340,   0.12715,  -0.36157
   0.32363,   0.12780,  -0.36289
   0.32385,   0.12846,  -0.36420
   0.32406,   0.12911,  -0.36551
   0.32427,   0.12976,  -0.36682
   0.32447,   0.13041,  -0.36812
   0.32467,   0.13107,  -0.36942
   0.32486,   0.13172,  -0.37073
   0.32504,   0.13238,  -0.37202
   0.32522,   0.13304,  -0.37332
   0.32540,   0.13369,  -0.37462
   0.32557,   0.13435,  -0.37591
   0.32573,   0.13501,  -0.37720
   0.32589,   0.13567,  -0.37849
   0.32605,   0.13633,  -0.37977
   0.32620,   0.13699,  -0.38106
   0.32634,   0.13765,  -0.38234
   0.32649,   0.13832,  -0.38362
   0.32662,   0.13898,  -0.38490
   0.32675,   0.13965,  -0.38617
   0.32688,   0.14031,  -0.38744
   0.32700,   0.14098,  -0.38871
   0.32712,   0.14164,  -0.38998
   0.32723,   0.14231,  -0.39125
   0.32734,   0.14298,  -0.39251
   0.32745,   0.14365,  -0.39377
   0.32755,   0.14432,  -0.39503
   0.32765,   0.14499,  -0.39629
   0.32774,   0.14566,  -0.39754
   0.32783,   0.14633,  -0.39879
   0.32791,   0.14700,  -0.40004
   0.32800,   0.14767,  -0.40129
   0.32808,   0.14835,  -0.40254
   0.32815,   0.14902,  -0.40378
   0.32822,   0.14969,  -0.40502
   0.32829,   0.15037,  -0.40626
   0.32835,   0.15104,  -0.40749
   0.32842,   0.15172,  -0.40872
   0.32847,   0.15239,  -0.40995
   0.32853,   0.15307,  -0.41118
   0.32858,   0.15375,  -0.41241
   0.32863,   0.15442,  -0.41363
   0.32868,   0.15510,  -0.41485
   0.32872,   0.15578,  -0.41607
   0.32876,   0.15646,  -0.41728
   0.32880,   0.15714,  -0.41849
   0.32884,   0.15782,  -0.41970
   0.32887,   0.15850,  -0.42091
   0.32890,   0.15918,  -0.42211
   0.32893,   0.15986,  -0.42332
   0.32895,   0.16054,  -0.42452
   0.32898,   0.16122,  -0.42571
   0.32900,   0.16190,  -0.42691
   0.32902,   0.16258,  -0.42810
   0.32904,   0.16326,  -0.42929
   0.32905,   0.16394,  -0.43047
   0.32907,   0.16463,  -0.43166
   0.32908,   0.16531,  -0.43284
   0.32909,   0.16599,  -0.43401
   0.32910,   0.16667,  -0.43519
   0.32911,   0.16736,  -0.43636
   0.32912,   0.16804,  -0.43753
   0.32912,   0.16872,  -0.43870
   0.32912,   0.16940,  -0.43986
   0.32913,   0.17009,  -0.44102
   0.32913,   0.17077,  -0.44218
   0.32913,   0.17145,  -0.44333
   0.32913,   0.17214,  -0.44449
   0.32913,   0.17282,  -0.44564
   0.32912,   0.17350,  -0.44678
   0.32912,   0.17418,  -0.44793
   0.32912,   0.17487,  -0.44907
   0.32911,   0.17555,  -0.45020
   0.32911,   0.17623,  -0.45134
   0.32910,   0.17692,  -0.45247
   0.32910,   0.17760,  -0.45360
   0.32909,   0.17828,  -0.45472
   0.32908,   0.17896,  -0.45585
   0.32908,   0.17964,  -0.45697
   0.32907,   0.18032,  -0.45808
   0.32906,   0.18101,  -0.45920
   0.32905,   0.18169,  -0.46031
   0.32905,   0.18237,  -0.46141
   0.32904,   0.18305,  -0.46252
   0.32904,   0.18373,  -0.46362
   0.32903,   0.18441,  -0.46472
   0.32902,   0.18509,  -0.46581
   0.32902,   0.18577,  -0.46690
   0.32901,   0.18644,  -0.46799
   0.32901,   0.18712,  -0.46908
   0.32901,   0.18780,  -0.47016
   0.32900,   0.18848,  -0.47124
   0.32900,   0.18915,  -0.47232
   0.32900,   0.18983,  -0.47339
   0.32900,   0.19050,  -0.47446
   0.32900,   0.19118,  -0.47552
   0.32900,   0.19185,  -0.47659
   0.32901,   0.19253,  -0.47765
   0.32901,   0.19320,  -0.47870
   0.32901,   0.19387,  -0.47975
   0.32902,   0.19454,  -0.48080
   0.32903,   0.19521,  -0.48185
   0.32904,   0.19588,  -0.48289
   0.32905,   0.19655,  -0.48393
   0.32906,   0.19722,  -0.48497
   0.32908,   0.19789,  -0.48600
   0.32909,   0.19855,  -0.48703
   0.32911,   0.19922,  -0.48805
   0.32913,   0.19988,  -0.48908
   0.32915,   0.20055,  -0.49009
   0.32918,   0.20121,  -0.49111
   0.32920,   0.20187,  -0.49212
   0.32923,   0.20253,  -0.49313
   0.32926,   0.20319,  -0.49413
   0.32929,   0.20385,  -0.49513
   0.32933,   0.20451,  -0.49613
   0.32936,   0.20517,  -0.49712
   0.32940,   0.20582,  -0.49812
   0.32944,   0.20648,  -0.49910
   0.32949,   0.20713,  -0.50008
   0.32953,   0.20778,  -0.50106
   0.32958,   0.20844,  -0.50204
   0.32964,   0.20909,  -0.50301
   0.32969,   0.20973,  -0.50398
   0.32975,   0.21038,  -0.50494
   0.32981,   0.21103,  -0.50591
   0.32987,   0.21167,  -0.50686
   0.32994,   0.21232,  -0.50782
   0.33001,   0.21296,  -0.50877
   0.33008,   0.21360,  -0.50971
   0.33016,   0.21424,  -0.51065
   0.33023,   0.21487,  -0.51159
   0.33032,   0.21551,  -0.51253
   0.33040,   0.21615,  -0.51346
   0.33049,   0.21678,  -0.51438
   0.33058,   0.21741,  -0.51531
   0.33068,   0.21804,  -0.51623
   0.33078,   0.21867,  -0.51714
   0.33088,   0.21929,  -0.51805
   0.33098,   0.21992,  -0.51896
   0.33109,   0.22054,  -0.51986
   0.33121,   0.22116,  -0.52076
   0.33132,   0.22178,  -0.52166
   0.33145,   0.22240,  -0.52255
   0.33157,   0.22302,  -0.52344
   0.33170,   0.22363,  -0.52432
   0.33183,   0.22425,  -0.52520
   0.33197,   0.22486,  -0.52608
   0.33211,   0.22547,  -0.52695
   0.33225,   0.22607,  -0.52782
   0.33240,   0.22668,  -0.52868
   0.33256,   0.22728,  -0.52954
   0.33271,   0.22788,  -0.53040
   0.33287,   0.22848,  -0.53125
   0.33304,   0.22908,  -0.53210
   0.33321,   0.22967,  -0.53294
   0.33338,   0.23026,  -0.53378
   0.33356,   0.23086,  -0.53461
   0.33375,   0.23144,  -0.53544
   0.33393,   0.23203,  -0.53627
   0.33412,   0.23261,  -0.53709
   0.33432,   0.23320,  -0.53791
   0.33452,   0.23378,  -0.53873
   0.33473,   0.23435,  -0.53954
   0.33494,   0.23493,  -0.54034
   0.33515,   0.23550,  -0.54114
   0.33537,   0.23607,  -0.54194
   0.33560,   0.23664,  -0.54273
   0.33583,   0.23720,  -0.54352
   0.33606,   0.23777,  -0.54430
   0.33630,   0.23833,  -0.54508
   0.33655,   0.23889,  -0.54586
   0.33680,   0.23944,  -0.54663
   0.33705,   0.23999,  -0.54740
   0.33731,   0.24055,  -0.54816
   0.33757,   0.24109,  -0.54892
   0.33784,   0.24164,  -0.54967
   0.33812,   0.24218,  -0.55042
   0.33839,   0.24272,  -0.55117
   0.33868,   0.24326,  -0.55191
   0.33897,   0.24379,  -0.55264
   0.33926,   0.24432,  -0.55338
   0.33956,   0.24485,  -0.55410
   0.33987,   0.24538,  -0.55483
   0.34018,   0.24590,  -0.55554
   0.34049,   0.24642,  -0.55626
   0.34081,   0.24694,  -0.55697
   0.34114,   0.24746,  -0.55767
   0.34147,   0.24797,  -0.55837
   0.34181,   0.24848,  -0.55907
   0.34215,   0.24898,  -0.55976
   0.34250,   0.24949,  -0.56044
   0.34285,   0.24999,  -0.56113
   0.34321,   0.25048,  -0.56180
   0.34357,   0.25098,  -0.56248
   0.34394,   0.25147,  -0.56314
   0.34432,   0.25196,  -0.56381
   0.34470,   0.25244,  -0.56447
   0.34509,   0.25292,  -0.56512
   0.34548,   0.25340,  -0.56577
   0.34587,   0.25388,  -0.56641
   0.34628,   0.25435,  -0.56705
   0.34668,   0.25482,  -0.56769
   0.34710,   0.25528,  -0.56832
   0.34752,   0.25575,  -0.56894
   0.34794,   0.25620,  -0.56957
   0.34837,   0.25666,  -0.57018
   0.34881,   0.25711,  -0.57079
   0.34925,   0.25756,  -0.57140
   0.34970,   0.25801,  -0.57200
   0.35015,   0.25845,  -0.57260
   0.35061,   0.25889,  -0.57319
   0.35107,   0.25932,  -0.57378
   0.35154,   0.25975,  -0.57436
   0.35202,   0.26018,  -0.57494
   0.35250,   0.26060,  -0.57551
   0.35299,   0.26103,  -0.57608
   0.35348,   0.26144,  -0.57664
   0.35398,   0.26186,  -0.57720
   0.35448,   0.26227,  -0.57776
   0.35499,   0.26267,  -0.57831
   0.35551,   0.26308,  -0.57885
   0.35603,   0.26347,  -0.57939
   0.35655,   0.26387,  -0.57992
   0.35708,   0.26426,  -0.58045
   0.35762,   0.26465,  -0.58097
   0.35817,   0.26503,  -0.58149
   0.35871,   0.26541,  -0.58201
   0.35927,   0.26579,  -0.58252
   0.35983,   0.26616,  -0.58302
   0.36040,   0.26653,  -0.58352
   0.36097,   0.26690,  -0.58401
   0.36154,   0.26726,  -0.58450
   0.36213,   0.26761,  -0.58498
   0.36272,   0.26797,  -0.58546
   0.36331,   0.26832,  -0.58594
   0.36391,   0.26866,  -0.58641
   0.36451,   0.26900,  -0.58687
   0.36512,   0.26934,  -0.58733
   0.36574,   0.26967,  -0.58778
   0.36636,   0.27000,  -0.58823
   0.36699,   0.27033,  -0.58867
   0.36762,   0.27065,  -0.58911
   0.36826,   0.27097,  -0.58954
   0.36890,   0.27128,  -0.58997
   0.36955,   0.27159,  -0.59039
   0.37021,   0.27189,  -0.59081
   0.37087,   0.27219,  -0.59122
   0.37153,   0.27249,  -0.59163
   0.37220,   0.27278,  -0.59203
   0.37288,   0.27307,  -0.59242
   0.37356,   0.27335,  -0.59281
   0.37425,   0.27363,  -0.59320
   0.37494,   0.27390,  -0.59358
   0.37564,   0.27417,  -0.59396
   0.37634,   0.27444,  -0.59433
   0.37705,   0.27470,  -0.59469
   0.37776,   0.27496,  -0.59505
   0.37848,   0.27521,  -0.59540
   0.37920,   0.27546,  -0.59575
   0.37993,   0.27571,  -0.59609
   0.38066,   0.27595,  -0.59643
   0.38140,   0.27618,  -0.59676
   0.38215,   0.27641,  -0.59709
   0.38289,   0.27664,  -0.59741
   0.38365,   0.27686,  -0.59773
   0.38441,   0.27708,  -0.59804
   0.38517,   0.27729,  -0.59835
   0.38594,   0.27750,  -0.59865
   0.38671,   0.27771,  -0.59894
   0.38749,   0.27791,  -0.59923
   0.38827,   0.27810,  -0.59951
   0.38906,   0.27829,  -0.59979
   0.38985,   0.27848,  -0.60007
   0.39065,   0.27866,  -0.60033
   0.39145,   0.27884,  -0.60059
   0.39226,   0.27901,  -0.60085
   0.39307,   0.27918,  -0.60110
   0.39389,   0.27934,  -0.60135
   0.39471,   0.27950,  -0.60159
   0.39553,   0.27965,  -0.60182
   0.39636,   0.27980,  -0.60205
   0.39719,   0.27995,  -0.60227
   0.39803,   0.28009,  -0.60249
   0.39887,   0.28022,  -0.60270
   0.39972,   0.28035,  -0.60291
   0.40057,   0.28048,  -0.60311
   0.40143,   0.28060,  -0.60330
   0.40229,   0.28071,  -0.60349
   0.40315,   0.28082,  -0.60368
   0.40402,   0.28093,  -0.60386
   0.40489,   0.28103,  -0.60403
   0.40576,   0.28113,  -0.60420
   0.40664,   0.28122,  -0.60436
   0.40753,   0.28131,  -0.60451
   0.40841,   0.28139,  -0.60466
   0.40931,   0.28147,  -0.60481
   0.41020,   0.28154,  -0.60495
   0.41110,   0.28161,  -0.60508
   0.41200,   0.28167,  -0.60521
   0.41291,   0.28173,  -0.60533
   0.41382,   0.28178,  -0.60544
   0.41473,   0.28183,  -0.60555
   0.41565,   0.28187,  -0.60566
   0.41657,   0.28191,  -0.60576
   0.41749,   0.28194,  -0.60585
   0.41842,   0.28197,  -0.60594
   0.41935,   0.28200,  -0.60602
   0.42028,   0.28202,  -0.60609
   0.42122,   0.28203,  -0.60616
   0.42216,   0.28204,  -0.60622
   0.42310,   0.28204,  -0.60628
   0.42405,   0.28204,  -0.60633
   0.42500,   0.28204,  -0.60638
   0.42595,   0.28202,  -0.60642
   0.42691,   0.28201,  -0.60646
   0.42787,   0.28199,  -0.60648
   0.42883,   0.28196,  -0.60651
   0.42979,   0.28193,  -0.60652
   0.43076,   0.28189,  -0.60653
   0.43172,   0.28185,  -0.60654
   0.43270,   0.28181,  -0.60654
   0.43367,   0.28176,  -0.60653
   0.43465,   0.28170,  -0.60652
   0.43563,   0.28164,  -0.60650
   0.43661,   0.28157,  -0.60647
   0.43759,   0.28150,  -0.60644
   0.43858,   0.28142,  -0.60641
   0.43956,   0.28134,  -0.60636
   0.44055,   0.28126,  -0.60631
   0.44155,   0.28117,  -0.60626
   0.44254,   0.28107,  -0.60620
   0.44354,   0.28097,  -0.60613
   0.44453,   0.28086,  -0.60606
   0.44553,   0.28075,  -0.60598
   0.44654,   0.28063,  -0.60590
   0.44754,   0.28051,  -0.60580
   0.44854,   0.28038,  -0.60571
   0.44955,   0.28025,  -0.60560
   0.45056,   0.28011,  -0.60549
   0.45157,   0.27997,  -0.60538
   0.45258,   0.27982,  -0.60526
   0.45359,   0.27967,  -0.60513
   0.45460,   0.27951,  -0.60500
   0.45562,   0.27935,  -0.60486
   0.45664,   0.27918,  -0.60471
   0.45765,   0.27901,  -0.60456
   0.45867,   0.27883,  -0.60440
   0.45969,   0.27865,  -0.60424
   0.46071,   0.27846,  -0.60407
   0.46173,   0.27827,  -0.60389
   0.46275,   0.27807,  -0.60371
   0.46377,   0.27787,  -0.60352
   0.46480,   0.27766,  -0.60332
   0.46582,   0.27745,  -0.60312
   0.46685,   0.27723,  -0.60291
   0.46787,   0.27700,  -0.60270
   0.46890,   0.27677,  -0.60248
   0.46992,   0.27654,  -0.60225
   0.47095,   0.27630,  -0.60202
   0.47197,   0.27606,  -0.60178
   0.47300,   0.27581,  -0.60153
   0.47403,   0.27555,  -0.60128
   0.47505,   0.27529,  -0.60102
   0.47608,   0.27503,  -0.60076
   0.47710,   0.27476,  -0.60049
   0.47813,   0.27449,  -0.60021
   0.47916,   0.27421,  -0.59993
   0.48018,   0.27392,  -0.59964
   0.48121,   0.27363,  -0.59935
   0.48223,   0.27334,  -0.59904
   0.48325,   0.27304,  -0.59874
   0.48428,   0.27273,  -0.59842
   0.48530,   0.27242,  -0.59810
   0.48632,   0.27211,  -0.59777
   0.48735,   0.27178,  -0.59744
   0.48837,   0.27146,  -0.59710
   0.48939,   0.27113,  -0.59675
   0.49040,   0.27079,  -0.59640
   0.49142,   0.27045,  -0.59604
   0.49244,   0.27011,  -0.59567
   0.49345,   0.26976,  -0.59530
   0.49447,   0.26940,  -0.59492
   0.49548,   0.26904,  -0.59454
   0.49649,   0.26867,  -0.59415
   0.49751,   0.26830,  -0.59375
   0.49851,   0.26793,  -0.59335
   0.49952,   0.26755,  -0.59293
   0.50053,   0.26716,  -0.59252
   0.50153,   0.26677,  -0.59209
   0.50253,   0.26637,  -0.59166
   0.50353,   0.26597,  -0.59123
   0.50453,   0.26557,  -0.59078
   0.50553,   0.26516,  -0.59033
   0.50653,   0.26474,  -0.58988
   0.50752,   0.26432,  -0.58942
   0.50851,   0.26389,  -0.58895
   0.50950,   0.26346,  -0.58847
   0.51048,   0.26303,  -0.58799
   0.51147,   0.26259,  -0.58750
   0.51245,   0.26214,  -0.58701
   0.51343,   0.26169,  -0.58650
   0.51441,   0.26124,  -0.58600
   0.51538,   0.26078,  -0.58548
   0.51635,   0.26031,  -0.58496
   0.51732,   0.25984,  -0.58443
   0.51829,   0.25937,  -0.58390
   0.51925,   0.25889,  -0.58336
   0.52021,   0.25840,  -0.58281
   0.52117,   0.25791,  -0.58225
   0.52212,   0.25742,  -0.58169
   0.52307,   0.25692,  -0.58113
   0.52402,   0.25641,  -0.58055
   0.52497,   0.25590,  -0.57997
   0.52591,   0.25539,  -0.57939
   0.52685,   0.25487,  -0.57879
   0.52778,   0.25435,  -0.57819
   0.52872,   0.25382,  -0.57758
   0.52965,   0.25329,  -0.57697
   0.53057,   0.25275,  -0.57635
   0.53149,   0.25220,  -0.57572
   0.53241,   0.25166,  -0.57509
   0.53332,   0.25110,  -0.57445
   0.53423,   0.25055,  -0.57380
   0.53514,   0.24999,  -0.57315
   0.53604,   0.24942,  -0.57249
   0.53694,   0.24885,  -0.57182
   0.53784,   0.24827,  -0.57115
   0.53873,   0.24769,  -0.57047
   0.53961,   0.24710,  -0.56978
   0.54049,   0.24651,  -0.56909
   0.54137,   0.24592,  -0.56839
   0.54225,   0.24532,  -0.56768
   0.54312,   0.24472,  -0.56697
   0.54398,   0.24411,  -0.56625
   0.54484,   0.24349,  -0.56552
   0.54570,   0.24288,  -0.56479
   0.54655,   0.24225,  -0.56405
   0.54740,   0.24162,  -0.56330
   0.54824,   0.24099,  -0.56255
   0.54908,   0.24036,  -0.56179
   0.54991,   0.23971,  -0.56102
   0.55074,   0.23907,  -0.56025
   0.55156,   0.23842,  -0.55947
   0.55238,   0.23776,  -0.55868
   0.55319,   0.23710,  -0.55789
   0.55400,   0.23644,  -0.55709
   0.55480,   0.23577,  -0.55628
   0.55560,   0.23510,  -0.55547
   0.55639,   0.23442,  -0.55465
   0.55718,   0.23374,  -0.55382
   0.55796,   0.23305,  -0.55299
   0.55874,   0.23236,  -0.55215
   0.55951,   0.23167,  -0.55130
   0.56028,   0.23097,  -0.55045
   0.56104,   0.23026,  -0.54959
   0.56179,   0.22956,  -0.54872
   0.56254,   0.22884,  -0.54784
   0.56329,   0.22813,  -0.54696
   0.56402,   0.22740,  -0.54608
   0.56476,   0.22668,  -0.54518
   0.56548,   0.22595,  -0.54428
   0.56620,   0.22521,  -0.54337
   0.56692,   0.22447,  -0.54246
   0.56763,   0.22373,  -0.54154
   0.56833,   0.22298,  -0.54061
   0.56903,   0.22223,  -0.53968
   0.56972,   0.22148,  -0.53874
   0.57041,   0.22071,  -0.53779
   0.57109,   0.21995,  -0.53683
   0.57176,   0.21918,  -0.53587
   0.57243,   0.21841,  -0.53490
   0.57309,   0.21763,  -0.53393
   0.57374,   0.21685,  -0.53295
   0.57439,   0.21606,  -0.53196
   0.57503,   0.21528,  -0.53097
   0.57567,   0.21448,  -0.52996
   0.57630,   0.21368,  -0.52896
   0.57692,   0.21288,  -0.52794
   0.57754,   0.21208,  -0.52692
   0.57815,   0.21127,  -0.52589
   0.57875,   0.21045,  -0.52486
   0.57935,   0.20963,  -0.52382
   0.57994,   0.20881,  -0.52277
   0.58053,   0.20798,  -0.52171
   0.58110,   0.20715,  -0.52065
   0.58168,   0.20632,  -0.51959
   0.58224,   0.20548,  -0.51851
   0.58280,   0.20464,  -0.51743
   0.58335,   0.20379,  -0.51634
   0.58389,   0.20294,  -0.51525
   0.58443,   0.20209,  -0.51415
   0.58496,   0.20123,  -0.51304
   0.58548,   0.20037,  -0.51192
   0.58600,   0.19951,  -0.51080
   0.58651,   0.19864,  -0.50968
   0.58701,   0.19776,  -0.50854
   0.58751,   0.19689,  -0.50740
   0.58800,   0.19601,  -0.50625
   0.58848,   0.19512,  -0.50510
   0.58895,   0.19423,  -0.50394
   0.58942,   0.19334,  -0.50277
   0.58988,   0.19245,  -0.50160
   0.59034,   0.19155,  -0.50042
   0.59078,   0.19064,  -0.49923
   0.59122,   0.18974,  -0.49804
   0.59166,   0.18883,  -0.49684
   0.59208,   0.18791,  -0.49563
   0.59250,   0.18700,  -0.49442
   0.59291,   0.18607,  -0.49320
   0.59331,   0.18515,  -0.49197
   0.59371,   0.18422,  -0.49074
   0.59410,   0.18329,  -0.48950
   0.59448,   0.18235,  -0.48826
   0.59486,   0.18142,  -0.48701
   0.59522,   0.18047,  -0.48575
   0.59558,   0.17953,  -0.48448
   0.59594,   0.17858,  -0.48321
   0.59628,   0.17763,  -0.48193
   0.59662,   0.17667,  -0.48065
   0.59695,   0.17571,  -0.47936
   0.59728,   0.17475,  -0.47806
   0.59759,   0.17378,  -0.47676
   0.59790,   0.17281,  -0.47545
   0.59820,   0.17184,  -0.47413
   0.59850,   0.17087,  -0.47281
   0.59878,   0.16989,  -0.47148
   0.59906,   0.16891,  -0.47015
   0.59934,   0.16792,  -0.46881
   0.59960,   0.16693,  -0.46746
   0.59986,   0.16594,  -0.46611
   0.60011,   0.16494,  -0.46475
   0.60035,   0.16395,  -0.46338
   0.60059,   0.16295,  -0.46201
   0.60081,   0.16194,  -0.46063
   0.60103,   0.16093,  -0.45924
   0.60125,   0.15992,  -0.45785
   0.60145,   0.15891,  -0.45645
   0.60165,   0.15789,  -0.45505
   0.60184,   0.15688,  -0.45364
   0.60203,   0.15585,  -0.45222
   0.60220,   0.15483,  -0.45080
   0.60237,   0.15380,  -0.44937
   0.60253,   0.15277,  -0.44794
   0.60269,   0.15174,  -0.44649
   0.60284,   0.15070,  -0.44505
   0.60298,   0.14966,  -0.44359
   0.60311,   0.14862,  -0.44213
   0.60323,   0.14757,  -0.44067
   0.60335,   0.14653,  -0.43920
   0.60346,   0.14548,  -0.43772
   0.60356,   0.14442,  -0.43624
   0.60366,   0.14337,  -0.43475
   0.60375,   0.14231,  -0.43325
   0.60383,   0.14125,  -0.43175
   0.60391,   0.14018,  -0.43024
   0.60397,   0.13912,  -0.42873
   0.60403,   0.13805,  -0.42721
   0.60408,   0.13698,  -0.42569
   0.60413,   0.13590,  -0.42416
   0.60417,   0.13483,  -0.42262
   0.60420,   0.13375,  -0.42108
   0.60422,   0.13267,  -0.41953
   0.60424,   0.13159,  -0.41797
   0.60425,   0.13050,  -0.41641
   0.60426,   0.12941,  -0.41485
   0.60425,   0.12832,  -0.41327
   0.60424,   0.12723,  -0.41170
   0.60422,   0.12614,  -0.41011
   0.60420,   0.12504,  -0.40853
   0.60417,   0.12394,  -0.40693
   0.60413,   0.12284,  -0.40533
   0.60408,   0.12173,  -0.40372
   0.60403,   0.12063,  -0.40211
   0.60397,   0.11952,  -0.40050
   0.60390,   0.11841,  -0.39887
   0.60383,   0.11730,  -0.39724
   0.60375,   0.11619,  -0.39561
   0.60367,   0.11507,  -0.39397
   0.60357,   0.11395,  -0.39233
   0.60347,   0.11283,  -0.39068
   0.60337,   0.11171,  -0.38902
   0.60326,   0.11059,  -0.38736
   0.60314,   0.10946,  -0.38569
   0.60301,   0.10834,  -0.38402
   0.60288,   0.10721,  -0.38234
   0.60274,   0.10608,  -0.38066
   0.60260,   0.10495,  -0.37897
   0.60244,   0.10381,  -0.37728
   0.60229,   0.10268,  -0.37558
   0.60212,   0.10154,  -0.37387
   0.60195,   0.10040,  -0.37217
   0.60178,   0.09926,  -0.37045
   0.60159,   0.09812,  -0.36873
   0.60140,   0.09698,  -0.36701
   0.60121,   0.09583,  -0.36528
   0.60101,   0.09469,  -0.36354
   0.60080,   0.09354,  -0.36180
   0.60059,   0.09239,  -0.36006
   0.60037,   0.09124,  -0.35831
   0.60014,   0.09009,  -0.35655
   0.59991,   0.08894,  -0.35479
   0.59968,   0.08779,  -0.35302
   0.59943,   0.08663,  -0.35125
   0.59919,   0.08548,  -0.34948
   0.59893,   0.08432,  -0.34770
   0.59867,   0.08316,  -0.34591
   0.59841,   0.08200,  -0.34412
   0.59814,   0.08084,  -0.34233
   0.59786,   0.07968,  -0.34053
   0.59758,   0.07852,  -0.33873
   0.59729,   0.07736,  -0.33692
   0.59700,   0.07619,  -0.33510
   0.59670,   0.07503,  -0.33328
   0.59640,   0.07386,  -0.33146
   0.59609,   0.07269,  -0.32963
   0.59578,   0.07153,  -0.32780
   0.59546,   0.07036,  -0.32596
   0.59514,   0.06919,  -0.32412
   0.59481,   0.06802,  -0.32228
   0.59447,   0.06685,  -0.32043
   0.59414,   0.06568,  -0.31857
   0.59379,   0.06451,  -0.31671
   0.59344,   0.06334,  -0.31485
   0.59309,   0.06217,  -0.31298
   0.59273,   0.06100,  -0.31111
   0.59237,   0.05983,  -0.30923
   0.59201,   0.05865,  -0.30735
   0.59163,   0.05748,  -0.30547
   0.59126,   0.05631,  -0.30358
   0.59088,   0.05514,  -0.30168
   0.59049,   0.05396,  -0.29978
   0.59011,   0.05279,  -0.29788
   0.58971,   0.05161,  -0.29598
   0.58932,   0.05044,  -0.29407
   0.58892,   0.04927,  -0.29215
   0.58851,   0.04809,  -0.29023
   0.58810,   0.04692,  -0.28831
   0.58769,   0.04575,  -0.28639
   0.58727,   0.04457,  -0.28446
   0.58685,   0.04340,  -0.28252
   0.58643,   0.04223,  -0.28058
   0.58600,   0.04105,  -0.27864
   0.58557,   0.03988,  -0.27670
   0.58513,   0.03871,  -0.27475
   0.58469,   0.03754,  -0.27279
   0.58425,   0.03637,  -0.27084
   0.58380,   0.03520,  -0.26888
   0.58335,   0.03403,  -0.26691
   0.58290,   0.03286,  -0.26495
   0.58245,   0.03169,  -0.26298
   0.58199,   0.03052,  -0.26100
   0.58153,   0.02935,  -0.25902
   0.58106,   0.02819,  -0.25704
   0.58059,   0.02702,  -0.25506
   0.58012,   0.02586,  -0.25307
   0.57965,   0.02469,  -0.25108
   0.57917,   0.02353,  -0.24908
   0.57869,   0.02237,  -0.24708
   0.57821,   0.02120,  -0.24508
   0.57773,   0.02004,  -0.24308
   0.57724,   0.01888,  -0.24107
   0.57675,   0.01773,  -0.23906
   0.57626,   0.01657,  -0.23704
   0.57577,   0.01541,  -0.23503
   0.57527,   0.01426,  -0.23301
   0.57478,   0.01311,  -0.23098
   0.57428,   0.01195,  -0.22896
   0.57378,   0.01080,  -0.22693
   0.57327,   0.00965,  -0.22490
   0.57277,   0.00851,  -0.22286
   0.57226,   0.00736,  -0.22082
   0.57175,   0.00622,  -0.21878
   0.57124,   0.00507,  -0.21674
   0.57073,   0.00393,  -0.21469
   0.57021,   0.00279,  -0.21264
   0.56970,   0.00166,  -0.21059
   0.56918,   0.00052,  -0.20854
   0.56866,  -0.00061,  -0.20648
   0.56815,  -0.00175,  -0.20442
   0.56763,  -0.00288,  -0.20236
   0.56710,  -0.00400,  -0.20030
   0.56658,  -0.00513,  -0.19823
   0.56606,  -0.00625,  -0.19616
   0.56553,  -0.00738,  -0.19409
   0.56501,  -0.00850,  -0.19202
   0.56448,  -0.00961,  -0.18994
   0.56396,  -0.01073,  -0.18786
   0.56343,  -0.01184,  -0.18578
   0.56290,  -0.01295,  -0.18370
   0.56238,  -0.01406,  -0.18161
   0.56185,  -0.01517,  -0.17953
   0.56132,  -0.01627,  -0.17744
   0.56079,  -0.01737,  -0.17535
   0.56026,  -0.01847,  -0.17326
   0.55973,  -0.01956,  -0.17116
   0.55920,  -0.02065,  -0.16906
   0.55867,  -0.02174,  -0.16697
   0.55815,  -0.02283,  -0.16487
   0.55762,  -0.02391,  -0.16276
   0.55709,  -0.02499,  -0.16066
   0.55656,  -0.02607,  -0.15855
   0.55603,  -0.02715,  -0.15645
   0.55550,  -0.02822,  -0.15434
   0.55498,  -0.02929,  -0.15223
   0.55445,  -0.03035,  -0.15012
   0.55393,  -0.03142,  -0.14800
   0.55340,  -0.03248,  -0.14589
   0.55288,  -0.03353,  -0.14377
   0.55235,  -0.03458,  -0.14165
   0.55183,  -0.03563,  -0.13954
   0.55131,  -0.03668,  -0.13741
   0.55079,  -0.03772,  -0.13529
   0.55027,  -0.03876,  -0.13317
   0.54976,  -0.03979,  -0.13105
   0.54924,  -0.04083,  -0.12892
   0.54873,  -0.04185,  -0.12679
   0.54821,  -0.04288,  -0.12467
   0.54770,  -0.04390,  -0.12254
   0.54719,  -0.04491,  -0.12041
   0.54668,  -0.04593,  -0.11828
   0.54617,  -0.04693,  -0.11615
   0.54567,  -0.04794,  -0.11402
   0.54517,  -0.04894,  -0.11188
   0.54467,  -0.04994,  -0.10975
   0.54417,  -0.05093,  -0.10761
   0.54367,  -0.05192,  -0.10548
   0.54317,  -0.05290,  -0.10334
   0.54268,  -0.05388,  -0.10121
   0.54219,  -0.05485,  -0.09907
   0.54170,  -0.05582,  -0.09693
   0.54122,  -0.05679,  -0.09479
   0.54073,  -0.05775,  -0.09265
   0.54025,  -0.05871,  -0.09052
   0.53977,  -0.05966,  -0.08838
   0.53930,  -0.06061,  -0.08624
   0.53883,  -0.06155,  -0.08410
   0.53836,  -0.06249,  -0.08196
   0.53789,  -0.06342,  -0.07981
   0.53743,  -0.06435,  -0.07767
   0.53696,  -0.06528,  -0.07553
   0.53651,  -0.06620,  -0.07339
   0.53605,  -0.06711,  -0.07125
   0.53560,  -0.06802,  -0.06911
   0.53515,  -0.06892,  -0.06697
   0.53471,  -0.06982,  -0.06483
   0.53426,  -0.07071,  -0.06269
   0.53382,  -0.07160,  -0.06054
   0.53339,  -0.07248,  -0.05840
   0.53296,  -0.07336,  -0.05626
   0.53253,  -0.07423,  -0.05412
   0.53211,  -0.07510,  -0.05198
   0.53169,  -0.07596,  -0.04984
   0.53127,  -0.07682,  -0.04770
   0.53086,  -0.07767,  -0.04556
   0.53045,  -0.07851,  -0.04343
   0.53004,  -0.07935,  -0.04129
   0.52964,  -0.08018,  -0.03915
   0.52925,  -0.08101,  -0.03701
   0.52885,  -0.08183,  -0.03488
