# epsilon_xx, epsilon_yy, epsilon_xy
  -0.00000,   0.00000,  -0.00000
   0.00020,   0.00001,  -0.00088
   0.00041,   0.00001,  -0.00176
   0.00062,   0.00001,  -0.00265
   0.00083,   0.00001,  -0.00353
   0.00105,   0.00001,  -0.00441
   0.00128,  -0.00000,  -0.00530
   0.00151,  -0.00001,  -0.00619
   0.00175,  -0.00002,  -0.00707
   0.00199,  -0.00003,  -0.00796
   0.00224,  -0.00004,  -0.00885
   0.00249,  -0.00006,  -0.00974
   0.00275,  -0.00008,  -0.01063
   0.00301,  -0.00010,  -0.01152
   0.00328,  -0.00012,  -0.01242
   0.00355,  -0.00014,  -0.01331
   0.00383,  -0.00017,  -0.01420
   0.00411,  -0.00020,  -0.01510
   0.00440,  -0.00023,  -0.01600
   0.00469,  -0.00026,  -0.01689
   0.00498,  -0.00029,  -0.01779
   0.00528,  -0.00033,  -0.01869
   0.00559,  -0.00036,  -0.01959
   0.00590,  -0.00040,  -0.02049
   0.00621,  -0.00045,  -0.02139
   0.00653,  -0.00049,  -0.02229
   0.00685,  -0.00053,  -0.02319
   0.00718,  -0.00058,  -0.02409
   0.00751,  -0.00063,  -0.02499
   0.00785,  -0.00068,  -0.02590
   0.00819,  -0.00073,  -0.02680
   0.00853,  -0.00079,  -0.02770
   0.00888,  -0.00084,  -0.02861
   0.00923,  -0.00090,  -0.02952
   0.00959,  -0.00096,  -0.03042
   0.00995,  -0.00102,  -0.03133
   0.01032,  -0.00109,  -0.03224
   0.01068,  -0.00115,  -0.03314
   0.01106,  -0.00122,  -0.03405
   0.01143,  -0.00129,  -0.03496
   0.01181,  -0.00136,  -0.03587
   0.01219,  -0.00143,  -0.03678
   0.01258,  -0.00150,  -0.03769
   0.01297,  -0.00158,  -0.03860
   0.01337,  -0.00165,  -0.03951
   0.01376,  -0.00173,  -0.04042
   0.01416,  -0.00181,  -0.04133
   0.01457,  -0.00189,  -0.04225
   0.01498,  -0.00198,  -0.04316
   0.01539,  -0.00206,  -0.04407
   0.01580,  -0.00215,  -0.04498
   0.01622,  -0.00224,  -0.04590
   0.01664,  -0.00233,  -0.04681
   0.01706,  -0.00242,  -0.04772
   0.01749,  -0.00252,  -0.04864
   0.01792,  -0.00261,  -0.04955
   0.01835,  -0.00271,  -0.05047
   0.01879,  -0.00281,  -0.05138
   0.01922,  -0.00291,  -0.05230
   0.01966,  -0.00301,  -0.05321
   0.02011,  -0.00311,  -0.05413
   0.02055,  -0.00322,  -0.05504
   0.02100,  -0.00332,  -0.05596
   0.02145,  -0.00343,  -0.05688
   0.02191,  -0.00354,  -0.05779
   0.02236,  -0.00365,  -0.05871
   0.02282,  -0.00377,  -0.05963
   0.02328,  -0.00388,  -0.06054
   0.02374,  -0.00400,  -0.06146
   0.02421,  -0.00411,  -0.06237
   0.02467,  -0.00423,  -0.06329
   0.02514,  -0.00435,  -0.06421
   0.02561,  -0.00448,  -0.06512
   0.02609,  -0.00460,  -0.06604
   0.02656,  -0.00472,  -0.06696
   0.02704,  -0.00485,  -0.06787
   0.02751,  -0.00498,  -0.06879
   0.02799,  -0.00511,  -0.06971
   0.02848,  -0.00524,  -0.07062
   0.02896,  -0.00537,  -0.07154
   0.02944,  -0.00551,  -0.07246
   0.02993,  -0.00565,  -0.07337
   0.03042,  -0.00578,  -0.07429
   0.03090,  -0.00592,  -0.07520
   0.03139,  -0.00606,  -0.07612
   0.03188,  -0.00621,  -0.07704
   0.03238,  -0.00635,  -0.07795
   0.03287,  -0.00649,  -0.07887
   0.03336,  -0.00664,  -0.07978
   0.03386,  -0.00679,  -0.08070
   0.03436,  -0.00694,  -0.08161
   0.03485,  -0.00709,  -0.08252
   0.03535,  -0.00724,  -0.08344
   0.03585,  -0.00740,  -0.08435
   0.03635,  -0.00755,  -0.08527
   0.03685,  -0.00771,  -0.08618
   0.03735,  -0.00787,  -0.08709
   0.03785,  -0.00803,  -0.08800
   0.03835,  -0.00819,  -0.08891
   0.03885,  -0.00836,  -0.08983
   0.03935,  -0.00852,  -0.09074
   0.03985,  -0.00869,  -0.09165
   0.04035,  -0.00886,  -0.09256
   0.04086,  -0.00903,  -0.09347
   0.04136,  -0.00920,  -0.09438
   0.04186,  -0.00937,  -0.09529
   0.04236,  -0.00955,  -0.09619
   0.04286,  -0.00972,  -0.09710
   0.04336,  -0.00990,  -0.09801
   0.04386,  -0.01008,  -0.09892
   0.04437,  -0.01026,  -0.09982
   0.04487,  -0.01044,  -0.10073
   0.04537,  -0.01062,  -0.10163
   0.04586,  -0.01081,  -0.10254
   0.04636,  -0.01100,  -0.10344
   0.04686,  -0.01118,  -0.10435
   0.04736,  -0.01137,  -0.10525
   0.04785,  -0.01156,  -0.10615
   0.04835,  -0.01176,  -0.10705
   0.04884,  -0.01195,  -0.10795
   0.04934,  -0.01215,  -0.10885
   0.04983,  -0.01235,  -0.10975
   0.05032,  -0.01254,  -0.11065
   0.05081,  -0.01275,  -0.11155
   0.05130,  -0.01295,  -0.11245
   0.05179,  -0.01315,  -0.11334
   0.05227,  -0.01336,  -0.11424
   0.05276,  -0.01356,  -0.11513
   0.05324,  -0.01377,  -0.11603
   0.05372,  -0.01398,  -0.11692
   0.05421,  -0.01419,  -0.11781
   0.05468,  -0.01441,  -0.11870
   0.05516,  -0.01462,  -0.11959
   0.05564,  -0.01484,  -0.12048
   0.05611,  -0.01506,  -0.12137
   0.05658,  -0.01528,  -0.12226
   0.05705,  -0.01550,  -0.12314
   0.05752,  -0.01572,  -0.12403
   0.05798,  -0.01594,  -0.12491
   0.05844,  -0.01617,  -0.12580
   0.05890,  -0.01640,  -0.12668
   0.05936,  -0.01663,  -0.12756
   0.05982,  -0.01686,  -0.12844
   0.06027,  -0.01709,  -0.12932
   0.06072,  -0.01733,  -0.13020
   0.06117,  -0.01756,  -0.13107
   0.06162,  -0.01780,  -0.13195
   0.06206,  -0.01804,  -0.13283
   0.06250,  -0.01828,  -0.13370
   0.06294,  -0.01852,  -0.13457
   0.06337,  -0.01877,  -0.13544
   0.06381,  -0.01901,  -0.13631
   0.06424,  -0.01926,  -0.13718
   0.06466,  -0.01951,  -0.13805
   0.06508,  -0.01976,  -0.13892
   0.06550,  -0.02001,  -0.13978
   0.06592,  -0.02026,  -0.14064
   0.06633,  -0.02052,  -0.14151
   0.06674,  -0.02078,  -0.14237
   0.06715,  -0.02104,  -0.14323
   0.06755,  -0.02130,  -0.14409
   0.06795,  -0.02156,  -0.14494
   0.06835,  -0.02182,  -0.14580
   0.06874,  -0.02209,  -0.14665
   0.06913,  -0.02236,  -0.14750
   0.06952,  -0.02263,  -0.14836
   0.06990,  -0.02290,  -0.14921
   0.07028,  -0.02317,  -0.15005
   0.07065,  -0.02344,  -0.15090
   0.07102,  -0.02372,  -0.15175
   0.07139,  -0.02400,  -0.15259
   0.07175,  -0.02428,  -0.15343
   0.07211,  -0.02456,  -0.15427
   0.07246,  -0.02484,  -0.15511
   0.07281,  -0.02512,  -0.15595
   0.07316,  -0.02541,  -0.15678
   0.07350,  -0.02570,  -0.15762
   0.07383,  -0.02599,  -0.15845
   0.07417,  -0.02628,  -0.15928
   0.07449,  -0.02657,  -0.16011
   0.07482,  -0.02687,  -0.16094
   0.07514,  -0.02716,  -0.16176
   0.07545,  -0.02746,  -0.16259
   0.07576,  -0.02776,  -0.16341
   0.07606,  -0.02807,  -0.16423
   0.07636,  -0.02837,  -0.16505
   0.07666,  -0.02867,  -0.16586
   0.07695,  -0.02898,  -0.16668
   0.07723,  -0.02929,  -0.16749
   0.07752,  -0.02960,  -0.16830
   0.07779,  -0.02991,  -0.16911
   0.07806,  -0.03023,  -0.16992
   0.07833,  -0.03054,  -0.17072
   0.07859,  -0.03086,  -0.17152
   0.07884,  -0.03118,  -0.17233
   0.07909,  -0.03150,  -0.17312
   0.07933,  -0.03183,  -0.17392
   0.07957,  -0.03215,  -0.17472
   0.07981,  -0.03248,  -0.17551
   0.08003,  -0.03281,  -0.17630
   0.08026,  -0.03314,  -0.17709
   0.08047,  -0.03347,  -0.17788
   0.08068,  -0.03380,  -0.17866
   0.08089,  -0.03414,  -0.17944
   0.08109,  -0.03447,  -0.18022
   0.08128,  -0.03481,  -0.18100
   0.08147,  -0.03515,  -0.18178
   0.08166,  -0.03550,  -0.18255
   0.08183,  -0.03584,  -0.18332
   0.08200,  -0.03619,  -0.18409
   0.08217,  -0.03654,  -0.18486
   0.08233,  -0.03689,  -0.18563
   0.08248,  -0.03724,  -0.18639
   0.08263,  -0.03759,  -0.18715
   0.08277,  -0.03795,  -0.18791
   0.08290,  -0.03830,  -0.18866
   0.08303,  -0.03866,  -0.18941
   0.08315,  -0.03902,  -0.19016
   0.08327,  -0.03939,  -0.19091
   0.08338,  -0.03975,  -0.19166
   0.08348,  -0.04012,  -0.19240
   0.08358,  -0.04048,  -0.19314
   0.08367,  -0.04085,  -0.19388
   0.08376,  -0.04122,  -0.19462
   0.08383,  -0.04160,  -0.19535
   0.08390,  -0.04197,  -0.19608
   0.08397,  -0.04235,  -0.19681
   0.08403,  -0.04273,  -0.19754
   0.08408,  -0.04311,  -0.19826
   0.08412,  -0.04349,  -0.19898
   0.08416,  -0.04387,  -0.19970
   0.08419,  -0.04426,  -0.20041
   0.08422,  -0.04465,  -0.20112
   0.08424,  -0.04504,  -0.20183
   0.08425,  -0.04543,  -0.20254
   0.08425,  -0.04582,  -0.20325
   0.08425,  -0.04622,  -0.20395
   0.08424,  -0.04661,  -0.20465
   0.08422,  -0.04701,  -0.20534
   0.08420,  -0.04741,  -0.20604
   0.08417,  -0.04781,  -0.20673
   0.08413,  -0.04822,  -0.20741
   0.08409,  -0.04862,  -0.20810
   0.08404,  -0.04903,  -0.20878
   0.08398,  -0.04944,  -0.20946
   0.08391,  -0.04985,  -0.21014
   0.08384,  -0.05026,  -0.21081
   0.08376,  -0.05067,  -0.21148
   0.08367,  -0.05109,  -0.21215
   0.08358,  -0.05151,  -0.21281
   0.08348,  -0.05193,  -0.21347
   0.08337,  -0.05235,  -0.21413
   0.08325,  -0.05277,  -0.21479
   0.08313,  -0.05319,  -0.21544
   0.08300,  -0.05362,  -0.21609
   0.08286,  -0.05405,  -0.21673
   0.08272,  -0.05448,  -0.21738
   0.08256,  -0.05491,  -0.21802
   0.08240,  -0.05534,  -0.21865
   0.08224,  -0.05577,  -0.21929
   0.08206,  -0.05621,  -0.21992
   0.08188,  -0.05665,  -0.22055
   0.08169,  -0.05709,  -0.22117
   0.08149,  -0.05753,  -0.22179
   0.08129,  -0.05797,  -0.22241
   0.08107,  -0.05842,  -0.22302
   0.08085,  -0.05886,  -0.22363
   0.08063,  -0.05931,  -0.22424
   0.08039,  -0.05976,  -0.22485
   0.08015,  -0.06021,  -0.22545
   0.07990,  -0.06067,  -0.22605
   0.07964,  -0.06112,  -0.22664
   0.07937,  -0.06158,  -0.22723
   0.07910,  -0.06204,  -0.22782
   0.07882,  -0.06249,  -0.22840
   0.07853,  -0.06296,  -0.22899
   0.07823,  -0.06342,  -0.22956
   0.07793,  -0.06388,  -0.23014
   0.07762,  -0.06435,  -0.23071
   0.07730,  -0.06482,  -0.23128
   0.07697,  -0.06529,  -0.23184
   0.07663,  -0.06576,  -0.23240
   0.07629,  -0.06623,  -0.23296
   0.07594,  -0.06670,  -0.23351
   0.07558,  -0.06718,  -0.23406
   0.07522,  -0.06765,  -0.23461
   0.07484,  -0.06813,  -0.23515
   0.07446,  -0.06861,  -0.23569
   0.07407,  -0.06909,  -0.23622
   0.07367,  -0.06958,  -0.23676
   0.07327,  -0.07006,  -0.23728
   0.07286,  -0.07055,  -0.23781
   0.07244,  -0.07103,  -0.23833
   0.07201,  -0.07152,  -0.23885
   0.07157,  -0.07201,  -0.23936
   0.07113,  -0.07251,  -0.23987
   0.07068,  -0.07300,  -0.24038
   0.07022,  -0.07349,  -0.24088
   0.06975,  -0.07399,  -0.24138
   0.06927,  -0.07449,  -0.24187
   0.06879,  -0.07499,  -0.24237
   0.06830,  -0.07549,  -0.24285
   0.06780,  -0.07599,  -0.24334
   0.06729,  -0.07649,  -0.24382
   0.06678,  -0.07700,  -0.24429
   0.06626,  -0.07750,  -0.24477
   0.06573,  -0.07801,  -0.24524
   0.06519,  -0.07852,  -0.24570
   0.06465,  -0.07903,  -0.24616
   0.06409,  -0.07954,  -0.24662
   0.06353,  -0.08006,  -0.24707
   0.06296,  -0.08057,  -0.24752
   0.06239,  -0.08109,  -0.24797
   0.06180,  -0.08160,  -0.24841
   0.06121,  -0.08212,  -0.24885
   0.06061,  -0.08264,  -0.24928
   0.06000,  -0.08316,  -0.24971
   0.05939,  -0.08368,  -0.25014
   0.05877,  -0.08421,  -0.25056
   0.05814,  -0.08473,  -0.25098
   0.05750,  -0.08526,  -0.25139
   0.05685,  -0.08578,  -0.25180
   0.05620,  -0.08631,  -0.25221
   0.05554,  -0.08684,  -0.25261
   0.05487,  -0.08737,  -0.25301
   0.05419,  -0.08790,  -0.25340
   0.05351,  -0.08843,  -0.25379
   0.05282,  -0.08897,  -0.25418
   0.05212,  -0.08950,  -0.25456
   0.05141,  -0.09004,  -0.25494
   0.05070,  -0.09058,  -0.25531
   0.04998,  -0.09112,  -0.25568
   0.04925,  -0.09166,  -0.25605
   0.04851,  -0.09220,  -0.25641
   0.04777,  -0.09274,  -0.25677
   0.04702,  -0.09328,  -0.25712
   0.04626,  -0.09383,  -0.25747
   0.04549,  -0.09437,  -0.25782
   0.04472,  -0.09492,  -0.25816
   0.04394,  -0.09546,  -0.25849
   0.04315,  -0.09601,  -0.25883
   0.04235,  -0.09656,  -0.25916
   0.04155,  -0.09711,  -0.25948
   0.04074,  -0.09766,  -0.25980
   0.03992,  -0.09821,  -0.26012
   0.03910,  -0.09877,  -0.26043
   0.03826,  -0.09932,  -0.26074
   0.03742,  -0.09988,  -0.26104
   0.03658,  -0.10043,  -0.26134
   0.03572,  -0.10099,  -0.26164
   0.03486,  -0.10155,  -0.26193
   0.03399,  -0.10210,  -0.26222
   0.03312,  -0.10266,  -0.26250
   0.03224,  -0.10322,  -0.26278
   0.03135,  -0.10379,  -0.26306
   0.03045,  -0.10435,  -0.26333
   0.02955,  -0.10491,  -0.26360
   0.02864,  -0.10547,  -0.26386
   0.02772,  -0.10604,  -0.26412
   0.02680,  -0.10660,  -0.26437
   0.02587,  -0.10717,  -0.26462
   0.02493,  -0.10774,  -0.26487
   0.02398,  -0.10830,  -0.26511
   0.02303,  -0.10887,  -0.26535
   0.02207,  -0.10944,  -0.26558
   0.02111,  -0.11001,  -0.26581
   0.02014,  -0.11058,  -0.26604
   0.01916,  -0.11115,  -0.26626
   0.01817,  -0.11172,  -0.26648
   0.01718,  -0.11230,  -0.26669
   0.01618,  -0.11287,  -0.26690
   0.01518,  -0.11344,  -0.26710
   0.01417,  -0.11402,  -0.26730
   0.01315,  -0.11459,  -0.26750
   0.01212,  -0.11517,  -0.26769
   0.01109,  -0.11574,  -0.26788
   0.01006,  -0.11632,  -0.26806
   0.00901,  -0.11690,  -0.26824
   0.00796,  -0.11747,  -0.26842
   0.00691,  -0.11805,  -0.26859
   0.00584,  -0.11863,  -0.26876
   0.00478,  -0.11921,  -0.26892
   0.00370,  -0.11979,  -0.26908
   0.00262,  -0.12037,  -0.26924
   0.00153,  -0.12095,  -0.26939
   0.00044,  -0.12153,  -0.26953
  -0.00066,  -0.12211,  -0.26968
  -0.00176,  -0.12270,  -0.26981
  -0.00288,  -0.12328,  -0.26995
  -0.00399,  -0.12386,  -0.27008
  -0.00512,  -0.12445,  -0.27021
  -0.00624,  -0.12503,  -0.27033
  -0.00738,  -0.12561,  -0.27045
  -0.00852,  -0.12620,  -0.27056
  -0.00967,  -0.12678,  -0.27067
  -0.01082,  -0.12737,  -0.27078
  -0.01198,  -0.12795,  -0.27088
  -0.01314,  -0.12854,  -0.27098
  -0.01431,  -0.12913,  -0.27107
  -0.01548,  -0.12971,  -0.27116
  -0.01666,  -0.13030,  -0.27125
  -0.01785,  -0.13089,  -0.27133
  -0.01904,  -0.13147,  -0.27141
  -0.02023,  -0.13206,  -0.27149
  -0.02143,  -0.13265,  -0.27156
  -0.02264,  -0.13324,  -0.27162
  -0.02385,  -0.13382,  -0.27169
  -0.02507,  -0.13441,  -0.27175
  -0.02629,  -0.13500,  -0.27180
  -0.02752,  -0.13559,  -0.27185
  -0.02875,  -0.13618,  -0.27190
  -0.02999,  -0.13677,  -0.27194
  -0.03123,  -0.13736,  -0.27198
  -0.03248,  -0.13794,  -0.27202
  -0.03373,  -0.13853,  -0.27205
  -0.03499,  -0.13912,  -0.27208
  -0.03625,  -0.13971,  -0.27211
  -0.03752,  -0.14030,  -0.27213
  -0.03879,  -0.14089,  -0.27214
  -0.04007,  -0.14148,  -0.27216
  -0.04135,  -0.14207,  -0.27217
  -0.04263,  -0.14266,  -0.27217
  -0.04392,  -0.14325,  -0.27218
  -0.04522,  -0.14384,  -0.27217
  -0.04652,  -0.14443,  -0.27217
  -0.04782,  -0.14502,  -0.27216
  -0.04913,  -0.14561,  -0.27215
  -0.05044,  -0.14620,  -0.27213
  -0.05176,  -0.14679,  -0.27211
  -0.05308,  -0.14738,  -0.27209
  -0.05440,  -0.14797,  -0.27206
  -0.05573,  -0.14856,  -0.27203
  -0.05707,  -0.14915,  -0.27200
  -0.05840,  -0.14973,  -0.27196
  -0.05974,  -0.15032,  -0.27192
  -0.06109,  -0.15091,  -0.27188
  -0.06244,  -0.15150,  -0.27183
  -0.06379,  -0.15209,  -0.27178
  -0.06515,  -0.15268,  -0.27173
  -0.06651,  -0.15327,  -0.27167
  -0.06787,  -0.15385,  -0.27161
  -0.06924,  -0.15444,  -0.27155
  -0.07061,  -0.15503,  -0.27148
  -0.07199,  -0.15562,  -0.27141
  -0.07337,  -0.15620,  -0.27134
  -0.07475,  -0.15679,  -0.27126
  -0.07614,  -0.15738,  -0.27118
  -0.07752,  -0.15796,  -0.27110
  -0.07892,  -0.15855,  -0.27101
  -0.08031,  -0.15913,  -0.27092
  -0.08171,  -0.15972,  -0.27083
  -0.08311,  -0.16030,  -0.27073
  -0.08452,  -0.16089,  -0.27063
  -0.08593,  -0.16147,  -0.27053
  -0.08734,  -0.16206,  -0.27043
  -0.08875,  -0.16264,  -0.27032
  -0.09017,  -0.16322,  -0.27021
  -0.09159,  -0.16381,  -0.27009
  -0.09301,  -0.16439,  -0.26998
  -0.09444,  -0.16497,  -0.26986
  -0.09587,  -0.16555,  -0.26974
  -0.09730,  -0.16613,  -0.26961
  -0.09874,  -0.16671,  -0.26948
  -0.10017,  -0.16730,  -0.26935
  -0.10161,  -0.16788,  -0.26922
  -0.10305,  -0.16845,  -0.26908
  -0.10450,  -0.16903,  -0.26894
  -0.10594,  -0.16961,  -0.26880
  -0.10739,  -0.17019,  -0.26866
  -0.10884,  -0.17077,  -0.26851
  -0.11030,  -0.17135,  -0.26836
  -0.11175,  -0.17192,  -0.26821
  -0.11321,  -0.17250,  -0.26806
  -0.11467,  -0.17307,  -0.26790
  -0.11613,  -0.17365,  -0.26774
  -0.11760,  -0.17422,  -0.26758
  -0.11906,  -0.17480,  -0.26742
  -0.12053,  -0.17537,  -0.26725
  -0.12200,  -0.17594,  -0.26708
  -0.12347,  -0.17651,  -0.26691
  -0.12495,  -0.17709,  -0.26674
  -0.12642,  -0.17766,  -0.26656
  -0.12790,  -0.17823,  -0.26638
  -0.12938,  -0.17880,  -0.26620
  -0.13086,  -0.17937,  -0.26602
  -0.13234,  -0.17993,  -0.26584
  -0.13382,  -0.18050,  -0.26565
  -0.13531,  -0.18107,  -0.26546
  -0.13679,  -0.18164,  -0.26527
  -0.13828,  -0.18220,  -0.26508
  -0.13977,  -0.18277,  -0.26488
  -0.14126,  -0.18333,  -0.26469
  -0.14275,  -0.18390,  -0.26449
  -0.14424,  -0.18446,  -0.26429
  -0.14574,  -0.18502,  -0.26409
  -0.14723,  -0.18558,  -0.26388
  -0.14873,  -0.18614,  -0.26368
  -0.15022,  -0.18670,  -0.26347
  -0.15172,  -0.18726,  -0.26326
  -0.15322,  -0.18782,  -0.26305
  -0.15472,  -0.18838,  -0.26284
  -0.15621,  -0.18894,  -0.26263
  -0.15771,  -0.18949,  -0.26241
  -0.15922,  -0.19005,  -0.26220
  -0.16072,  -0.19060,  -0.26198
  -0.16222,  -0.19116,  -0.26176
  -0.16372,  -0.19171,  -0.26154
  -0.16522,  -0.19226,  -0.26131
  -0.16673,  -0.19281,  -0.26109
  -0.16823,  -0.19336,  -0.26086
  -0.16973,  -0.19391,  -0.26064
  -0.17124,  -0.19446,  -0.26041
  -0.17274,  -0.19501,  -0.26018
  -0.17425,  -0.19556,  -0.25995
  -0.17575,  -0.19610,  -0.25972
  -0.17726,  -0.19665,  -0.25949
  -0.17876,  -0.19719,  -0.25925
  -0.18027,  -0.19774,  -0.25902
  -0.18177,  -0.19828,  -0.25879
  -0.18328,  -0.19882,  -0.25855
  -0.18478,  -0.19936,  -0.25831
  -0.18628,  -0.19990,  -0.25807
  -0.18779,  -0.20044,  -0.25783
  -0.18929,  -0.20098,  -0.25759
  -0.19079,  -0.20152,  -0.25735
  -0.19230,  -0.20205,  -0.25711
  -0.19380,  -0.20259,  -0.25687
  -0.19530,  -0.20312,  -0.25663
  -0.19680,  -0.20365,  -0.25639
  -0.19830,  -0.20419,  -0.25614
  -0.19980,  -0.20472,  -0.25590
  -0.20130,  -0.20525,  -0.25565
  -0.20280,  -0.20578,  -0.25541
  -0.20430,  -0.20631,  -0.25516
  -0.20580,  -0.20683,  -0.25491
  -0.20729,  -0.20736,  -0.25467
  -0.20879,  -0.20788,  -0.25442
  -0.21028,  -0.20841,  -0.25417
  -0.21177,  -0.20893,  -0.25393
  -0.21327,  -0.20945,  -0.25368
  -0.21476,  -0.20997,  -0.25343
  -0.21625,  -0.21049,  -0.25318
  -0.21774,  -0.21101,  -0.25293
  -0.21922,  -0.21153,  -0.25269
  -0.22071,  -0.21205,  -0.25244
  -0.22219,  -0.21256,  -0.25219
  -0.22368,  -0.21308,  -0.25194
  -0.22516,  -0.21359,  -0.25169
  -0.22664,  -0.21410,  -0.25145
  -0.22812,  -0.21461,  -0.25120
  -0.22960,  -0.21512,  -0.25095
  -0.23107,  -0.21563,  -0.25070
  -0.23255,  -0.21614,  -0.25046
  -0.23402,  -0.21665,  -0.25021
  -0.23549,  -0.21715,  -0.24996
  -0.23696,  -0.21766,  -0.24972
  -0.23843,  -0.21816,  -0.24947
  -0.23990,  -0.21866,  -0.24923
  -0.24136,  -0.21916,  -0.24898
  -0.24282,  -0.21966,  -0.24874
  -0.24428,  -0.22016,  -0.24849
  -0.24574,  -0.22066,  -0.24825
  -0.24719,  -0.22115,  -0.24801
  -0.24865,  -0.22165,  -0.24777
  -0.25010,  -0.22214,  -0.24752
  -0.25155,  -0.22264,  -0.24728
  -0.25300,  -0.22313,  -0.24704
  -0.25444,  -0.22362,  -0.24681
  -0.25588,  -0.22410,  -0.24657
  -0.25732,  -0.22459,  -0.24633
  -0.25876,  -0.22508,  -0.24609
  -0.26020,  -0.22556,  -0.24586
  -0.26163,  -0.22605,  -0.24562
  -0.26306,  -0.22653,  -0.24539
  -0.26449,  -0.22701,  -0.24516
  -0.26591,  -0.22749,  -0.24493
  -0.26734,  -0.22797,  -0.24470
  -0.26876,  -0.22844,  -0.24447
  -0.27017,  -0.22892,  -0.24424
  -0.27159,  -0.22939,  -0.24401
  -0.27300,  -0.22987,  -0.24379
  -0.27441,  -0.23034,  -0.24357
  -0.27582,  -0.23081,  -0.24334
  -0.27722,  -0.23128,  -0.24312
  -0.27862,  -0.23175,  -0.24290
  -0.28002,  -0.23221,  -0.24268
  -0.28141,  -0.23268,  -0.24247
  -0.28280,  -0.23314,  -0.24225
  -0.28419,  -0.23360,  -0.24204
  -0.28557,  -0.23406,  -0.24182
  -0.28696,  -0.23452,  -0.24161
  -0.28834,  -0.23498,  -0.24140
  -0.28971,  -0.23544,  -0.24120
  -0.29108,  -0.23589,  -0.24099
  -0.29245,  -0.23635,  -0.24079
  -0.29382,  -0.23680,  -0.24058
  -0.29518,  -0.23725,  -0.24038
  -0.29654,  -0.23770,  -0.24018
  -0.29789,  -0.23815,  -0.23999
  -0.29924,  -0.23859,  -0.23979
  -0.30059,  -0.23904,  -0.23960
  -0.30193,  -0.23948,  -0.23941
  -0.30327,  -0.23992,  -0.23922
  -0.30461,  -0.24036,  -0.23903
  -0.30594,  -0.24080,  -0.23884
  -0.30727,  -0.24124,  -0.23866
  -0.30860,  -0.24168,  -0.23848
  -0.30992,  -0.24211,  -0.23830
  -0.31124,  -0.24254,  -0.23812
  -0.31255,  -0.24298,  -0.23795
  -0.31386,  -0.24341,  -0.23778
  -0.31517,  -0.24383,  -0.23760
  -0.31647,  -0.24426,  -0.23744
  -0.31777,  -0.24469,  -0.23727
  -0.31906,  -0.24511,  -0.23711
  -0.32035,  -0.24553,  -0.23694
  -0.32164,  -0.24595,  -0.23678
  -0.32292,  -0.24637,  -0.23663
  -0.32420,  -0.24679,  -0.23647
  -0.32547,  -0.24720,  -0.23632
  -0.32674,  -0.24762,  -0.23617
  -0.32801,  -0.24803,  -0.23602
  -0.32927,  -0.24844,  -0.23588
  -0.33052,  -0.24885,  -0.23574
  -0.33177,  -0.24926,  -0.23560
  -0.33302,  -0.24966,  -0.23546
  -0.33426,  -0.25007,  -0.23532
  -0.33550,  -0.25047,  -0.23519
  -0.33673,  -0.25087,  -0.23506
  -0.33796,  -0.25127,  -0.23494
  -0.33919,  -0.25166,  -0.23481
  -0.34041,  -0.25206,  -0.23469
  -0.34162,  -0.25245,  -0.23457
  -0.34283,  -0.25285,  -0.23445
  -0.34404,  -0.25324,  -0.23434
  -0.34524,  -0.25362,  -0.23423
  -0.34643,  -0.25401,  -0.23412
  -0.34763,  -0.25440,  -0.23402
  -0.34881,  -0.25478,  -0.23391
  -0.34999,  -0.25516,  -0.23381
  -0.35117,  -0.25554,  -0.23372
  -0.35234,  -0.25592,  -0.23362
  -0.35351,  -0.25629,  -0.23353
  -0.35467,  -0.25667,  -0.23344
  -0.35582,  -0.25704,  -0.23336
  -0.35698,  -0.25741,  -0.23327
  -0.35812,  -0.25778,  -0.23320
  -0.35926,  -0.25815,  -0.23312
  -0.36040,  -0.25851,  -0.23304
  -0.36153,  -0.25887,  -0.23297
  -0.36265,  -0.25923,  -0.23291
  -0.36377,  -0.25959,  -0.23284
  -0.36489,  -0.25995,  -0.23278
  -0.36600,  -0.26031,  -0.23272
  -0.36710,  -0.26066,  -0.23266
  -0.36820,  -0.26101,  -0.23261
  -0.36929,  -0.26136,  -0.23256
  -0.37038,  -0.26171,  -0.23251
  -0.37146,  -0.26205,  -0.23247
  -0.37254,  -0.26240,  -0.23243
  -0.37361,  -0.26274,  -0.23239
  -0.37468,  -0.26308,  -0.23236
  -0.37574,  -0.26341,  -0.23233
  -0.37679,  -0.26375,  -0.23230
  -0.37784,  -0.26408,  -0.23227
  -0.37888,  -0.26441,  -0.23225
  -0.37992,  -0.26474,  -0.23223
  -0.38095,  -0.26507,  -0.23222
  -0.38198,  -0.26540,  -0.23220
  -0.38299,  -0.26572,  -0.23219
  -0.38401,  -0.26604,  -0.23219
  -0.38502,  -0.26636,  -0.23218
  -0.38602,  -0.26668,  -0.23218
  -0.38701,  -0.26699,  -0.23218
  -0.38800,  -0.26730,  -0.23219
  -0.38899,  -0.26761,  -0.23220
  -0.38997,  -0.26792,  -0.23221
  -0.39094,  -0.26823,  -0.23223
  -0.39190,  -0.26853,  -0.23225
  -0.39286,  -0.26883,  -0.23227
  -0.39382,  -0.26913,  -0.23229
  -0.39477,  -0.26943,  -0.23232
  -0.39571,  -0.26972,  -0.23235
  -0.39664,  -0.27002,  -0.23238
  -0.39757,  -0.27031,  -0.23242
  -0.39849,  -0.27059,  -0.23246
  -0.39941,  -0.27088,  -0.23250
  -0.40032,  -0.27116,  -0.23255
  -0.40122,  -0.27144,  -0.23260
  -0.40212,  -0.27172,  -0.23265
  -0.40301,  -0.27200,  -0.23271
  -0.40390,  -0.27227,  -0.23277
  -0.40477,  -0.27255,  -0.23283
  -0.40565,  -0.27282,  -0.23289
  -0.40651,  -0.27308,  -0.23296
  -0.40737,  -0.27335,  -0.23303
  -0.40822,  -0.27361,  -0.23311
  -0.40907,  -0.27387,  -0.23319
  -0.40991,  -0.27413,  -0.23327
  -0.41074,  -0.27438,  -0.23335
  -0.41156,  -0.27464,  -0.23344
  -0.41238,  -0.27489,  -0.23352
  -0.41319,  -0.27513,  -0.23362
  -0.41400,  -0.27538,  -0.23371
  -0.41480,  -0.27562,  -0.23381
  -0.41559,  -0.27586,  -0.23391
  -0.41637,  -0.27610,  -0.23401
  -0.41715,  -0.27634,  -0.23412
  -0.41792,  -0.27657,  -0.23423
  -0.41869,  -0.27680,  -0.23434
  -0.41944,  -0.27703,  -0.23446
  -0.42019,  -0.27725,  -0.23458
  -0.42094,  -0.27747,  -0.23470
  -0.42167,  -0.27769,  -0.23482
  -0.42240,  -0.27791,  -0.23495
  -0.42312,  -0.27813,  -0.23508
  -0.42384,  -0.27834,  -0.23521
  -0.42455,  -0.27855,  -0.23535
  -0.42525,  -0.27875,  -0.23548
  -0.42594,  -0.27896,  -0.23562
  -0.42663,  -0.27916,  -0.23577
  -0.42731,  -0.27936,  -0.23591
  -0.42798,  -0.27956,  -0.23606
  -0.42864,  -0.27975,  -0.23621
  -0.42930,  -0.27994,  -0.23637
  -0.42995,  -0.28013,  -0.23652
  -0.43059,  -0.28031,  -0.23668
  -0.43123,  -0.28049,  -0.23684
  -0.43186,  -0.28067,  -0.23700
  -0.43248,  -0.28085,  -0.23717
  -0.43309,  -0.28103,  -0.23734
  -0.43370,  -0.28120,  -0.23751
  -0.43430,  -0.28136,  -0.23768
  -0.43489,  -0.28153,  -0.23786
  -0.43547,  -0.28169,  -0.23804
  -0.43605,  -0.28185,  -0.23822
  -0.43662,  -0.28201,  -0.23840
  -0.43718,  -0.28216,  -0.23858
  -0.43773,  -0.28232,  -0.23877
  -0.43828,  -0.28246,  -0.23896
  -0.43881,  -0.28261,  -0.23915
  -0.43934,  -0.28275,  -0.23934
  -0.43987,  -0.28289,  -0.23954
  -0.44038,  -0.28303,  -0.23974
  -0.44089,  -0.28316,  -0.23994
  -0.44139,  -0.28329,  -0.24014
  -0.44188,  -0.28342,  -0.24034
  -0.44236,  -0.28355,  -0.24055
  -0.44284,  -0.28367,  -0.24075
  -0.44331,  -0.28379,  -0.24096
  -0.44377,  -0.28390,  -0.24117
  -0.44422,  -0.28401,  -0.24138
  -0.44467,  -0.28412,  -0.24160
  -0.44510,  -0.28423,  -0.24181
  -0.44553,  -0.28433,  -0.24203
  -0.44595,  -0.28443,  -0.24225
  -0.44636,  -0.28453,  -0.24247
  -0.44677,  -0.28463,  -0.24269
  -0.44717,  -0.28472,  -0.24292
  -0.44755,  -0.28480,  -0.24314
  -0.44793,  -0.28489,  -0.24337
  -0.44831,  -0.28497,  -0.24360
  -0.44867,  -0.28505,  -0.24383
  -0.44903,  -0.28513,  -0.24406
  -0.44938,  -0.28520,  -0.24429
  -0.44972,  -0.28527,  -0.24452
  -0.45005,  -0.28533,  -0.24475
  -0.45037,  -0.28540,  -0.24499
  -0.45069,  -0.28546,  -0.24523
  -0.45099,  -0.28551,  -0.24546
  -0.45129,  -0.28556,  -0.24570
  -0.45158,  -0.28561,  -0.24594
  -0.45187,  -0.28566,  -0.24618
  -0.45214,  -0.28570,  -0.24642
  -0.45240,  -0.28574,  -0.24666
  -0.45266,  -0.28578,  -0.24691
  -0.45291,  -0.28581,  -0.24715
  -0.45315,  -0.28584,  -0.24739
  -0.45338,  -0.28587,  -0.24764
  -0.45361,  -0.28589,  -0.24788
  -0.45382,  -0.28591,  -0.24813
  -0.45403,  -0.28593,  -0.24837
  -0.45423,  -0.28595,  -0.24862
  -0.45442,  -0.28596,  -0.24887
  -0.45460,  -0.28596,  -0.24911
  -0.45477,  -0.28597,  -0.24936
  -0.45493,  -0.28597,  -0.24961
  -0.45509,  -0.28596,  -0.24985
  -0.45524,  -0.28596,  -0.25010
  -0.45538,  -0.28595,  -0.25035
  -0.45551,  -0.28593,  -0.25060
  -0.45563,  -0.28592,  -0.25084
  -0.45574,  -0.28589,  -0.25109
  -0.45584,  -0.28587,  -0.25134
  -0.45594,  -0.28584,  -0.25159
  -0.45602,  -0.28581,  -0.25183
  -0.45610,  -0.28578,  -0.25208
  -0.45617,  -0.28574,  -0.25233
  -0.45623,  -0.28570,  -0.25257
  -0.45628,  -0.28566,  -0.25282
  -0.45633,  -0.28561,  -0.25306
  -0.45636,  -0.28556,  -0.25331
  -0.45639,  -0.28550,  -0.25355
  -0.45640,  -0.28544,  -0.25379
  -0.45641,  -0.28538,  -0.25403
  -0.45641,  -0.28532,  -0.25427
  -0.45640,  -0.28525,  -0.25451
  -0.45638,  -0.28518,  -0.25475
  -0.45635,  -0.28510,  -0.25499
  -0.45632,  -0.28502,  -0.25523
  -0.45627,  -0.28494,  -0.25547
  -0.45622,  -0.28485,  -0.25570
  -0.45615,  -0.28476,  -0.25593
  -0.45608,  -0.28467,  -0.25617
  -0.45600,  -0.28457,  -0.25640
  -0.45591,  -0.28447,  -0.25663
  -0.45581,  -0.28437,  -0.25685
  -0.45570,  -0.28426,  -0.25708
  -0.45558,  -0.28415,  -0.25731
  -0.45546,  -0.28404,  -0.25753
  -0.45532,  -0.28392,  -0.25775
  -0.45518,  -0.28380,  -0.25797
  -0.45502,  -0.28367,  -0.25819
  -0.45486,  -0.28354,  -0.25840
  -0.45469,  -0.28341,  -0.25862
  -0.45451,  -0.28327,  -0.25883
  -0.45432,  -0.28313,  -0.25904
  -0.45412,  -0.28299,  -0.25925
  -0.45391,  -0.28285,  -0.25945
  -0.45370,  -0.28270,  -0.25966
  -0.45347,  -0.28254,  -0.25986
  -0.45324,  -0.28238,  -0.26006
  -0.45299,  -0.28222,  -0.26025
  -0.45274,  -0.28206,  -0.26045
  -0.45248,  -0.28189,  -0.26064
  -0.45221,  -0.28172,  -0.26083
  -0.45193,  -0.28155,  -0.26101
  -0.45164,  -0.28137,  -0.26120
  -0.45134,  -0.28119,  -0.26138
  -0.45103,  -0.28100,  -0.26155
  -0.45071,  -0.28081,  -0.26173
  -0.45039,  -0.28062,  -0.26190
  -0.45005,  -0.28042,  -0.26207
  -0.44971,  -0.28022,  -0.26223
  -0.44935,  -0.28002,  -0.26239
  -0.44899,  -0.27981,  -0.26255
  -0.44862,  -0.27960,  -0.26271
  -0.44823,  -0.27939,  -0.26286
  -0.44784,  -0.27917,  -0.26301
  -0.44744,  -0.27895,  -0.26315
  -0.44703,  -0.27873,  -0.26329
  -0.44662,  -0.27850,  -0.26343
  -0.44619,  -0.27827,  -0.26356
  -0.44575,  -0.27803,  -0.26369
  -0.44531,  -0.27780,  -0.26382
  -0.44485,  -0.27755,  -0.26394
  -0.44439,  -0.27731,  -0.26406
  -0.44391,  -0.27706,  -0.26417
  -0.44343,  -0.27681,  -0.26428
  -0.44294,  -0.27655,  -0.26439
  -0.44244,  -0.27629,  -0.26449
  -0.44193,  -0.27603,  -0.26459
  -0.44141,  -0.27577,  -0.26468
  -0.44088,  -0.27550,  -0.26477
  -0.44034,  -0.27523,  -0.26485
  -0.43979,  -0.27495,  -0.26493
  -0.43923,  -0.27467,  -0.26501
  -0.43867,  -0.27439,  -0.26508
  -0.43809,  -0.27410,  -0.26514
  -0.43751,  -0.27381,  -0.26520
  -0.43691,  -0.27352,  -0.26526
  -0.43631,  -0.27322,  -0.26531
  -0.43570,  -0.27292,  -0.26535
  -0.43508,  -0.27262,  -0.26539
  -0.43445,  -0.27232,  -0.26543
  -0.43381,  -0.27201,  -0.26546
  -0.43316,  -0.27169,  -0.26548
  -0.43250,  -0.27138,  -0.26550
  -0.43183,  -0.27106,  -0.26552
  -0.43116,  -0.27074,  -0.26552
  -0.43047,  -0.27041,  -0.26553
  -0.42978,  -0.27008,  -0.26553
  -0.42907,  -0.26975,  -0.26552
  -0.42836,  -0.26942,  -0.26550
  -0.42764,  -0.26908,  -0.26548
  -0.42691,  -0.26874,  -0.26546
  -0.42617,  -0.26839,  -0.26543
  -0.42542,  -0.26805,  -0.26539
  -0.42466,  -0.26770,  -0.26535
  -0.42389,  -0.26734,  -0.26530
  -0.42312,  -0.26699,  -0.26524
  -0.42233,  -0.26663,  -0.26518
  -0.42153,  -0.26626,  -0.26511
  -0.42073,  -0.26590,  -0.26504
  -0.41992,  -0.26553,  -0.26496
  -0.41910,  -0.26516,  -0.26487
  -0.41826,  -0.26478,  -0.26478
  -0.41742,  -0.26441,  -0.26467
  -0.41658,  -0.26403,  -0.26457
  -0.41572,  -0.26364,  -0.26445
  -0.41485,  -0.26326,  -0.26433
  -0.41397,  -0.26287,  -0.26421
  -0.41309,  -0.26248,  -0.26407
  -0.41220,  -0.26208,  -0.26393
  -0.41129,  -0.26168,  -0.26378
  -0.41038,  -0.26128,  -0.26363
  -0.40946,  -0.26088,  -0.26347
  -0.40853,  -0.26048,  -0.26330
  -0.40759,  -0.26007,  -0.26312
  -0.40665,  -0.25966,  -0.26294
  -0.40569,  -0.25924,  -0.26275
  -0.40473,  -0.25883,  -0.26255
  -0.40375,  -0.25841,  -0.26234
  -0.40277,  -0.25799,  -0.26213
  -0.40178,  -0.25756,  -0.26191
  -0.40078,  -0.25714,  -0.26168
  -0.39977,  -0.25671,  -0.26145
  -0.39876,  -0.25628,  -0.26120
  -0.39773,  -0.25584,  -0.26095
  -0.39670,  -0.25541,  -0.26069
  -0.39565,  -0.25497,  -0.26043
  -0.39460,  -0.25453,  -0.26015
  -0.39354,  -0.25408,  -0.25987
  -0.39247,  -0.25364,  -0.25958
  -0.39139,  -0.25319,  -0.25928
  -0.39031,  -0.25274,  -0.25897
  -0.38921,  -0.25229,  -0.25866
  -0.38811,  -0.25183,  -0.25833
  -0.38700,  -0.25137,  -0.25800
  -0.38588,  -0.25092,  -0.25766
  -0.38475,  -0.25046,  -0.25732
  -0.38362,  -0.24999,  -0.25696
  -0.38247,  -0.24953,  -0.25659
  -0.38132,  -0.24906,  -0.25622
  -0.38016,  -0.24859,  -0.25584
  -0.37899,  -0.24812,  -0.25545
  -0.37781,  -0.24765,  -0.25505
  -0.37663,  -0.24717,  -0.25464
  -0.37543,  -0.24670,  -0.25422
  -0.37423,  -0.24622,  -0.25380
  -0.37302,  -0.24574,  -0.25337
  -0.37180,  -0.24525,  -0.25292
  -0.37057,  -0.24477,  -0.25247
  -0.36934,  -0.24429,  -0.25201
  -0.36810,  -0.24380,  -0.25154
  -0.36685,  -0.24331,  -0.25106
  -0.36559,  -0.24282,  -0.25057
  -0.36432,  -0.24233,  -0.25008
  -0.36305,  -0.24184,  -0.24957
  -0.36176,  -0.24134,  -0.24906
  -0.36047,  -0.24084,  -0.24853
  -0.35918,  -0.24035,  -0.24800
  -0.35787,  -0.23985,  -0.24745
  -0.35656,  -0.23935,  -0.24690
  -0.35524,  -0.23885,  -0.24634
  -0.35391,  -0.23834,  -0.24577
  -0.35257,  -0.23784,  -0.24519
  -0.35123,  -0.23734,  -0.24460
  -0.34988,  -0.23683,  -0.24400
  -0.34852,  -0.23632,  -0.24339
  -0.34715,  -0.23581,  -0.24277
  -0.34578,  -0.23531,  -0.24214
  -0.34440,  -0.23480,  -0.24150
  -0.34301,  -0.23428,  -0.24086
  -0.34161,  -0.23377,  -0.24020
  -0.34021,  -0.23326,  -0.23953
  -0.33880,  -0.23275,  -0.23886
  -0.33738,  -0.23223,  -0.23817
  -0.33596,  -0.23172,  -0.23747
  -0.33453,  -0.23120,  -0.23677
  -0.33309,  -0.23069,  -0.23605
  -0.33164,  -0.23017,  -0.23532
  -0.33019,  -0.22965,  -0.23459
  -0.32873,  -0.22913,  -0.23384
  -0.32727,  -0.22862,  -0.23309
  -0.32579,  -0.22810,  -0.23232
  -0.32431,  -0.22758,  -0.23154
  -0.32282,  -0.22706,  -0.23076
  -0.32133,  -0.22654,  -0.22996
  -0.31983,  -0.22602,  -0.22916
  -0.31832,  -0.22550,  -0.22834
  -0.31681,  -0.22498,  -0.22751
  -0.31529,  -0.22446,  -0.22668
  -0.31376,  -0.22394,  -0.22583
  -0.31223,  -0.22342,  -0.22497
  -0.31069,  -0.22290,  -0.22411
  -0.30915,  -0.22238,  -0.22323
  -0.30759,  -0.22186,  -0.22234
  -0.30604,  -0.22134,  -0.22144
  -0.30447,  -0.22082,  -0.22053
  -0.30290,  -0.22030,  -0.21961
  -0.30132,  -0.21978,  -0.21869
  -0.29974,  -0.21926,  -0.21775
  -0.29815,  -0.21875,  -0.21680
  -0.29656,  -0.21823,  -0.21584
  -0.29496,  -0.21771,  -0.21487
  -0.29335,  -0.21720,  -0.21389
  -0.29174,  -0.21668,  -0.21289
  -0.29012,  -0.21617,  -0.21189
  -0.28850,  -0.21565,  -0.21088
