# epsilon_xx, epsilon_yy, epsilon_xy
   0.00000,   0.00000,   0.00000
  -0.00056,  -0.00138,  -0.00089
  -0.00112,  -0.00275,  -0.00178
  -0.00168,  -0.00411,  -0.00267
  -0.00225,  -0.00547,  -0.00357
  -0.00283,  -0.00681,  -0.00446
  -0.00341,  -0.00815,  -0.00536
  -0.00400,  -0.00948,  -0.00625
  -0.00459,  -0.01080,  -0.00715
  -0.00519,  -0.01211,  -0.00805
  -0.00579,  -0.01341,  -0.00895
  -0.00640,  -0.01470,  -0.00985
  -0.00701,  -0.01599,  -0.01075
  -0.00763,  -0.01726,  -0.01165
  -0.00826,  -0.01853,  -0.01255
  -0.00888,  -0.01979,  -0.01346
  -0.00952,  -0.02104,  -0.01436
  -0.01016,  -0.02228,  -0.01527
  -0.01080,  -0.02351,  -0.01617
  -0.01145,  -0.02473,  -0.01707
  -0.01211,  -0.02594,  -0.01798
  -0.01277,  -0.02715,  -0.01888
  -0.01343,  -0.02834,  -0.01979
  -0.01410,  -0.02953,  -0.02069
  -0.01478,  -0.03070,  -0.02160
  -0.01546,  -0.03187,  -0.02250
  -0.01615,  -0.03303,  -0.02340
  -0.01684,  -0.03418,  -0.02431
  -0.01753,  -0.03532,  -0.02521
  -0.01823,  -0.03645,  -0.02612
  -0.01894,  -0.03757,  -0.02702
  -0.01965,  -0.03868,  -0.02792
  -0.02037,  -0.03979,  -0.02882
  -0.02109,  -0.04088,  -0.02972
  -0.02182,  -0.04197,  -0.03062
  -0.02255,  -0.04304,  -0.03152
  -0.02329,  -0.04411,  -0.03242
  -0.02403,  -0.04516,  -0.03332
  -0.02478,  -0.04621,  -0.03421
  -0.02553,  -0.04725,  -0.03511
  -0.02629,  -0.04827,  -0.03600
  -0.02705,  -0.04929,  -0.03690
  -0.02782,  -0.05030,  -0.03779
  -0.02859,  -0.05130,  -0.03868
  -0.02937,  -0.05229,  -0.03957
  -0.03015,  -0.05327,  -0.04046
  -0.03094,  -0.05424,  -0.04134
  -0.03173,  -0.05520,  -0.04223
  -0.03252,  -0.05615,  -0.04311
  -0.03333,  -0.05709,  -0.04399
  -0.03413,  -0.05802,  -0.04487
  -0.03495,  -0.05895,  -0.04575
  -0.03576,  -0.05986,  -0.04662
  -0.03658,  -0.06076,  -0.04750
  -0.03741,  -0.06166,  -0.04837
  -0.03824,  -0.06254,  -0.04924
  -0.03908,  -0.06341,  -0.05011
  -0.03992,  -0.06428,  -0.05097
  -0.04077,  -0.06513,  -0.05184
  -0.04162,  -0.06598,  -0.05270
  -0.04247,  -0.06682,  -0.05356
  -0.04333,  -0.06764,  -0.05442
  -0.04420,  -0.06846,  -0.05527
  -0.04507,  -0.06926,  -0.05612
  -0.04594,  -0.07006,  -0.05697
  -0.04682,  -0.07085,  -0.05782
  -0.04771,  -0.07162,  -0.05866
  -0.04860,  -0.07239,  -0.05950
  -0.04949,  -0.07315,  -0.06034
  -0.05039,  -0.07390,  -0.06118
  -0.05129,  -0.07464,  -0.06201
  -0.05220,  -0.07536,  -0.06284
  -0.05311,  -0.07608,  -0.06367
  -0.05403,  -0.07679,  -0.06449
  -0.05495,  -0.07749,  -0.06531
  -0.05588,  -0.07818,  -0.06613
  -0.05681,  -0.07886,  -0.06695
  -0.05774,  -0.07953,  -0.06776
  -0.05868,  -0.08019,  -0.06857
  -0.05963,  -0.08084,  -0.06937
  -0.06058,  -0.08148,  -0.07018
  -0.06153,  -0.08212,  -0.07097
  -0.06249,  -0.08274,  -0.07177
  -0.06345,  -0.08335,  -0.07256
  -0.06442,  -0.08395,  -0.07335
  -0.06539,  -0.08454,  -0.07413
  -0.06636,  -0.08513,  -0.07491
  -0.06734,  -0.08570,  -0.07569
  -0.06833,  -0.08626,  -0.07646
  -0.06932,  -0.08682,  -0.07723
  -0.07031,  -0.08736,  -0.07800
  -0.07131,  -0.08790,  -0.07876
  -0.07231,  -0.08842,  -0.07952
  -0.07331,  -0.08894,  -0.08027
  -0.07432,  -0.08944,  -0.08102
  -0.07534,  -0.08994,  -0.08177
  -0.07635,  -0.09042,  -0.08251
  -0.07738,  -0.09090,  -0.08325
  -0.07840,  -0.09137,  -0.08399
  -0.07943,  -0.09183,  -0.08472
  -0.08047,  -0.09227,  -0.08544
  -0.08151,  -0.09271,  -0.08616
  -0.08255,  -0.09314,  -0.08688
  -0.08360,  -0.09356,  -0.08759
  -0.08465,  -0.09397,  -0.08830
  -0.08570,  -0.09437,  -0.08901
  -0.08676,  -0.09476,  -0.08970
  -0.08782,  -0.09514,  -0.09040
  -0.08889,  -0.09552,  -0.09109
  -0.08996,  -0.09588,  -0.09178
  -0.09103,  -0.09623,  -0.09246
  -0.09211,  -0.09657,  -0.09314
  -0.09319,  -0.09691,  -0.09381
  -0.09428,  -0.09723,  -0.09448
  -0.09537,  -0.09755,  -0.09514
  -0.09646,  -0.09786,  -0.09580
  -0.09755,  -0.09815,  -0.09645
  -0.09865,  -0.09844,  -0.09710
  -0.09976,  -0.09872,  -0.09774
  -0.10086,  -0.09899,  -0.09838
  -0.10197,  -0.09925,  -0.09902
  -0.10309,  -0.09950,  -0.09965
  -0.10421,  -0.09974,  -0.10027
  -0.10533,  -0.09997,  -0.10089
  -0.10645,  -0.10019,  -0.10151
  -0.10758,  -0.10041,  -0.10212
  -0.10871,  -0.10061,  -0.10272
  -0.10985,  -0.10081,  -0.10332
  -0.11098,  -0.10099,  -0.10391
  -0.11212,  -0.10117,  -0.10450
  -0.11327,  -0.10134,  -0.10509
  -0.11442,  -0.10150,  -0.10567
  -0.11557,  -0.10165,  -0.10624
  -0.11672,  -0.10179,  -0.10681
  -0.11788,  -0.10192,  -0.10737
  -0.11904,  -0.10204,  -0.10793
  -0.12020,  -0.10216,  -0.10848
  -0.12137,  -0.10226,  -0.10903
  -0.12253,  -0.10236,  -0.10957
  -0.12371,  -0.10244,  -0.11011
  -0.12488,  -0.10252,  -0.11064
  -0.12606,  -0.10259,  -0.11117
  -0.12724,  -0.10265,  -0.11169
  -0.12842,  -0.10271,  -0.11220
  -0.12961,  -0.10275,  -0.11271
  -0.13080,  -0.10278,  -0.11322
  -0.13199,  -0.10281,  -0.11372
  -0.13318,  -0.10283,  -0.11421
  -0.13438,  -0.10284,  -0.11470
  -0.13558,  -0.10284,  -0.11518
  -0.13678,  -0.10283,  -0.11566
  -0.13798,  -0.10281,  -0.11613
  -0.13919,  -0.10278,  -0.11660
  -0.14040,  -0.10275,  -0.11706
  -0.14161,  -0.10271,  -0.11751
  -0.14282,  -0.10265,  -0.11796
  -0.14404,  -0.10260,  -0.11841
  -0.14526,  -0.10253,  -0.11885
  -0.14648,  -0.10245,  -0.11928
  -0.14770,  -0.10237,  -0.11971
  -0.14893,  -0.10227,  -0.12013
  -0.15015,  -0.10217,  -0.12055
  -0.15138,  -0.10206,  -0.12096
  -0.15261,  -0.10194,  -0.12136
  -0.15385,  -0.10182,  -0.12176
  -0.15508,  -0.10168,  -0.12215
  -0.15632,  -0.10154,  -0.12254
  -0.15756,  -0.10139,  -0.12293
  -0.15880,  -0.10123,  -0.12330
  -0.16004,  -0.10106,  -0.12367
  -0.16128,  -0.10089,  -0.12404
  -0.16253,  -0.10070,  -0.12440
  -0.16378,  -0.10051,  -0.12475
  -0.16503,  -0.10031,  -0.12510
  -0.16628,  -0.10010,  -0.12544
  -0.16753,  -0.09989,  -0.12578
  -0.16878,  -0.09967,  -0.12611
  -0.17004,  -0.09944,  -0.12644
  -0.17129,  -0.09920,  -0.12676
  -0.17255,  -0.09895,  -0.12707
  -0.17381,  -0.09870,  -0.12738
  -0.17507,  -0.09843,  -0.12768
  -0.17633,  -0.09816,  -0.12798
  -0.17759,  -0.09789,  -0.12827
  -0.17886,  -0.09760,  -0.12856
  -0.18012,  -0.09731,  -0.12884
  -0.18139,  -0.09701,  -0.12912
  -0.18265,  -0.09670,  -0.12939
  -0.18392,  -0.09638,  -0.12965
  -0.18519,  -0.09606,  -0.12991
  -0.18646,  -0.09573,  -0.13016
  -0.18773,  -0.09539,  -0.13041
  -0.18900,  -0.09505,  -0.13065
  -0.19027,  -0.09469,  -0.13088
  -0.19154,  -0.09433,  -0.13111
  -0.19282,  -0.09397,  -0.13134
  -0.19409,  -0.09359,  -0.13155
  -0.19536,  -0.09321,  -0.13177
  -0.19664,  -0.09282,  -0.13198
  -0.19791,  -0.09242,  -0.13218
  -0.19919,  -0.09202,  -0.13237
  -0.20046,  -0.09161,  -0.13256
  -0.20174,  -0.09119,  -0.13275
  -0.20302,  -0.09077,  -0.13293
  -0.20429,  -0.09034,  -0.13310
  -0.20557,  -0.08990,  -0.13327
  -0.20684,  -0.08945,  -0.13344
  -0.20812,  -0.08900,  -0.13359
  -0.20940,  -0.08854,  -0.13375
  -0.21067,  -0.08807,  -0.13389
  -0.21195,  -0.08760,  -0.13404
  -0.21322,  -0.08712,  -0.13417
  -0.21450,  -0.08663,  -0.13430
  -0.21578,  -0.08614,  -0.13443
  -0.21705,  -0.08564,  -0.13455
  -0.21833,  -0.08513,  -0.13466
  -0.21960,  -0.08461,  -0.13477
  -0.22087,  -0.08409,  -0.13488
  -0.22215,  -0.08357,  -0.13497
  -0.22342,  -0.08303,  -0.13507
  -0.22469,  -0.08249,  -0.13516
  -0.22596,  -0.08194,  -0.13524
  -0.22724,  -0.08139,  -0.13532
  -0.22851,  -0.08083,  -0.13539
  -0.22977,  -0.08027,  -0.13546
  -0.23104,  -0.07969,  -0.13552
  -0.23231,  -0.07911,  -0.13557
  -0.23358,  -0.07853,  -0.13563
  -0.23484,  -0.07794,  -0.13567
  -0.23611,  -0.07734,  -0.13571
  -0.23737,  -0.07673,  -0.13575
  -0.23863,  -0.07612,  -0.13578
  -0.23989,  -0.07551,  -0.13581
  -0.24115,  -0.07489,  -0.13583
  -0.24241,  -0.07426,  -0.13585
  -0.24367,  -0.07362,  -0.13586
  -0.24493,  -0.07298,  -0.13586
  -0.24618,  -0.07233,  -0.13587
  -0.24743,  -0.07168,  -0.13586
  -0.24868,  -0.07102,  -0.13585
  -0.24993,  -0.07036,  -0.13584
  -0.25118,  -0.06969,  -0.13582
  -0.25243,  -0.06901,  -0.13580
  -0.25367,  -0.06833,  -0.13577
  -0.25491,  -0.06764,  -0.13574
  -0.25615,  -0.06695,  -0.13570
  -0.25739,  -0.06625,  -0.13566
  -0.25863,  -0.06554,  -0.13561
  -0.25986,  -0.06483,  -0.13556
  -0.26110,  -0.06412,  -0.13551
  -0.26233,  -0.06339,  -0.13545
  -0.26356,  -0.06267,  -0.13538
  -0.26478,  -0.06193,  -0.13531
  -0.26601,  -0.06119,  -0.13524
  -0.26723,  -0.06045,  -0.13516
  -0.26845,  -0.05970,  -0.13508
  -0.26966,  -0.05895,  -0.13499
  -0.27088,  -0.05819,  -0.13490
  -0.27209,  -0.05742,  -0.13480
  -0.27330,  -0.05665,  -0.13470
  -0.27451,  -0.05587,  -0.13460
  -0.27571,  -0.05509,  -0.13449
  -0.27691,  -0.05431,  -0.13437
  -0.27811,  -0.05351,  -0.13426
  -0.27931,  -0.05272,  -0.13413
  -0.28050,  -0.05191,  -0.13401
  -0.28169,  -0.05111,  -0.13388
  -0.28288,  -0.05029,  -0.13374
  -0.28406,  -0.04948,  -0.13360
  -0.28524,  -0.04865,  -0.13346
  -0.28642,  -0.04783,  -0.13331
  -0.28759,  -0.04700,  -0.13316
  -0.28876,  -0.04616,  -0.13301
  -0.28993,  -0.04532,  -0.13285
  -0.29110,  -0.04447,  -0.13269
  -0.29226,  -0.04362,  -0.13252
  -0.29342,  -0.04276,  -0.13235
  -0.29457,  -0.04190,  -0.13218
  -0.29572,  -0.04103,  -0.13200
  -0.29687,  -0.04016,  -0.13182
  -0.29802,  -0.03929,  -0.13163
  -0.29916,  -0.03841,  -0.13144
  -0.30029,  -0.03752,  -0.13125
  -0.30143,  -0.03663,  -0.13105
  -0.30256,  -0.03574,  -0.13085
  -0.30368,  -0.03484,  -0.13065
  -0.30480,  -0.03394,  -0.13044
  -0.30592,  -0.03303,  -0.13023
  -0.30703,  -0.03212,  -0.13002
  -0.30814,  -0.03120,  -0.12980
  -0.30925,  -0.03028,  -0.12958
  -0.31035,  -0.02936,  -0.12935
  -0.31145,  -0.02843,  -0.12913
  -0.31254,  -0.02750,  -0.12890
  -0.31363,  -0.02656,  -0.12866
  -0.31472,  -0.02562,  -0.12842
  -0.31580,  -0.02467,  -0.12818
  -0.31687,  -0.02372,  -0.12794
  -0.31794,  -0.02277,  -0.12769
  -0.31901,  -0.02181,  -0.12744
  -0.32007,  -0.02085,  -0.12719
  -0.32113,  -0.01988,  -0.12693
  -0.32219,  -0.01891,  -0.12667
  -0.32324,  -0.01794,  -0.12641
  -0.32428,  -0.01696,  -0.12614
  -0.32532,  -0.01598,  -0.12587
  -0.32636,  -0.01499,  -0.12560
  -0.32739,  -0.01400,  -0.12533
  -0.32841,  -0.01301,  -0.12505
  -0.32943,  -0.01201,  -0.12477
  -0.33045,  -0.01101,  -0.12449
  -0.33146,  -0.01000,  -0.12420
  -0.33246,  -0.00899,  -0.12391
  -0.33347,  -0.00798,  -0.12362
  -0.33446,  -0.00697,  -0.12333
  -0.33545,  -0.00595,  -0.12303
  -0.33644,  -0.00492,  -0.12273
  -0.33742,  -0.00390,  -0.12243
  -0.33839,  -0.00287,  -0.12213
  -0.33936,  -0.00183,  -0.12182
  -0.34033,  -0.00079,  -0.12151
  -0.34129,   0.00025,  -0.12120
  -0.34224,   0.00129,  -0.12089
  -0.34319,   0.00234,  -0.12057
  -0.34413,   0.00339,  -0.12025
  -0.34507,   0.00444,  -0.11993
  -0.34600,   0.00550,  -0.11961
  -0.34693,   0.00656,  -0.11929
  -0.34785,   0.00762,  -0.11896
  -0.34876,   0.00869,  -0.11863
  -0.34967,   0.00976,  -0.11830
  -0.35058,   0.01083,  -0.11796
  -0.35148,   0.01191,  -0.11763
  -0.35237,   0.01299,  -0.11729
  -0.35325,   0.01407,  -0.11695
  -0.35414,   0.01516,  -0.11661
  -0.35501,   0.01625,  -0.11626
  -0.35588,   0.01734,  -0.11592
  -0.35674,   0.01843,  -0.11557
  -0.35760,   0.01953,  -0.11522
  -0.35845,   0.02063,  -0.11487
  -0.35930,   0.02173,  -0.11452
  -0.36014,   0.02284,  -0.11416
  -0.36097,   0.02395,  -0.11380
  -0.36180,   0.02506,  -0.11345
  -0.36262,   0.02617,  -0.11308
  -0.36343,   0.02729,  -0.11272
  -0.36424,   0.02841,  -0.11236
  -0.36504,   0.02953,  -0.11199
  -0.36584,   0.03066,  -0.11163
  -0.36663,   0.03178,  -0.11126
  -0.36741,   0.03291,  -0.11089
  -0.36819,   0.03404,  -0.11052
  -0.36896,   0.03518,  -0.11015
  -0.36972,   0.03632,  -0.10977
  -0.37048,   0.03746,  -0.10940
  -0.37123,   0.03860,  -0.10902
  -0.37198,   0.03974,  -0.10864
  -0.37272,   0.04089,  -0.10826
  -0.37345,   0.04204,  -0.10788
  -0.37417,   0.04319,  -0.10750
  -0.37489,   0.04434,  -0.10711
  -0.37561,   0.04550,  -0.10673
  -0.37631,   0.04665,  -0.10634
  -0.37701,   0.04781,  -0.10595
  -0.37770,   0.04898,  -0.10557
  -0.37839,   0.05014,  -0.10518
  -0.37907,   0.05131,  -0.10479
  -0.37974,   0.05247,  -0.10439
  -0.38041,   0.05364,  -0.10400
  -0.38107,   0.05482,  -0.10361
  -0.38172,   0.05599,  -0.10321
  -0.38236,   0.05717,  -0.10282
  -0.38300,   0.05834,  -0.10242
  -0.38363,   0.05952,  -0.10202
  -0.38426,   0.06070,  -0.10162
  -0.38488,   0.06189,  -0.10122
  -0.38549,   0.06307,  -0.10082
  -0.38609,   0.06426,  -0.10042
  -0.38669,   0.06544,  -0.10002
  -0.38728,   0.06663,  -0.09962
  -0.38786,   0.06783,  -0.09921
  -0.38844,   0.06902,  -0.09881
  -0.38901,   0.07021,  -0.09841
  -0.38957,   0.07141,  -0.09800
  -0.39013,   0.07261,  -0.09759
  -0.39068,   0.07380,  -0.09719
  -0.39122,   0.07500,  -0.09678
  -0.39175,   0.07621,  -0.09637
  -0.39228,   0.07741,  -0.09596
  -0.39280,   0.07861,  -0.09555
  -0.39331,   0.07982,  -0.09514
  -0.39382,   0.08102,  -0.09473
  -0.39432,   0.08223,  -0.09432
  -0.39481,   0.08344,  -0.09391
  -0.39529,   0.08465,  -0.09349
  -0.39577,   0.08586,  -0.09308
  -0.39624,   0.08707,  -0.09267
  -0.39671,   0.08829,  -0.09225
  -0.39716,   0.08950,  -0.09184
  -0.39761,   0.09072,  -0.09142
  -0.39805,   0.09193,  -0.09101
  -0.39849,   0.09315,  -0.09059
  -0.39891,   0.09437,  -0.09018
  -0.39933,   0.09559,  -0.08976
  -0.39975,   0.09681,  -0.08934
  -0.40015,   0.09803,  -0.08893
  -0.40055,   0.09925,  -0.08851
  -0.40094,   0.10047,  -0.08809
  -0.40133,   0.10169,  -0.08768
  -0.40170,   0.10291,  -0.08726
  -0.40207,   0.10414,  -0.08684
  -0.40244,   0.10536,  -0.08642
  -0.40279,   0.10658,  -0.08600
  -0.40314,   0.10781,  -0.08558
  -0.40348,   0.10904,  -0.08516
  -0.40381,   0.11026,  -0.08474
  -0.40414,   0.11149,  -0.08432
  -0.40446,   0.11271,  -0.08390
  -0.40477,   0.11394,  -0.08348
  -0.40507,   0.11517,  -0.08306
  -0.40537,   0.11640,  -0.08264
  -0.40566,   0.11762,  -0.08222
  -0.40594,   0.11885,  -0.08180
  -0.40622,   0.12008,  -0.08138
  -0.40649,   0.12131,  -0.08096
  -0.40675,   0.12253,  -0.08054
  -0.40700,   0.12376,  -0.08012
  -0.40725,   0.12499,  -0.07970
  -0.40749,   0.12622,  -0.07928
  -0.40772,   0.12744,  -0.07886
  -0.40794,   0.12867,  -0.07843
  -0.40816,   0.12990,  -0.07801
  -0.40837,   0.13113,  -0.07759
  -0.40857,   0.13235,  -0.07717
  -0.40877,   0.13358,  -0.07675
  -0.40896,   0.13481,  -0.07633
  -0.40914,   0.13603,  -0.07591
  -0.40931,   0.13726,  -0.07548
  -0.40948,   0.13848,  -0.07506
  -0.40964,   0.13971,  -0.07464
  -0.40979,   0.14093,  -0.07422
  -0.40994,   0.14215,  -0.07380
  -0.41007,   0.14338,  -0.07338
  -0.41021,   0.14460,  -0.07295
  -0.41033,   0.14582,  -0.07253
  -0.41045,   0.14704,  -0.07211
  -0.41056,   0.14826,  -0.07169
  -0.41066,   0.14948,  -0.07127
  -0.41075,   0.15070,  -0.07085
  -0.41084,   0.15191,  -0.07043
  -0.41092,   0.15313,  -0.07000
  -0.41100,   0.15435,  -0.06958
  -0.41107,   0.15556,  -0.06916
  -0.41113,   0.15677,  -0.06874
  -0.41118,   0.15799,  -0.06832
  -0.41123,   0.15920,  -0.06790
  -0.41127,   0.16041,  -0.06748
  -0.41130,   0.16162,  -0.06706
  -0.41132,   0.16282,  -0.06663
  -0.41134,   0.16403,  -0.06621
  -0.41135,   0.16523,  -0.06579
  -0.41136,   0.16644,  -0.06537
  -0.41135,   0.16764,  -0.06495
  -0.41135,   0.16884,  -0.06453
  -0.41133,   0.17004,  -0.06411
  -0.41131,   0.17124,  -0.06369
  -0.41128,   0.17243,  -0.06326
  -0.41124,   0.17363,  -0.06284
  -0.41120,   0.17482,  -0.06242
  -0.41115,   0.17601,  -0.06200
  -0.41109,   0.17720,  -0.06158
  -0.41103,   0.17839,  -0.06116
  -0.41095,   0.17957,  -0.06074
  -0.41088,   0.18075,  -0.06032
  -0.41079,   0.18194,  -0.05990
  -0.41070,   0.18311,  -0.05947
  -0.41061,   0.18429,  -0.05905
  -0.41050,   0.18547,  -0.05863
  -0.41039,   0.18664,  -0.05821
  -0.41027,   0.18781,  -0.05779
  -0.41015,   0.18898,  -0.05737
  -0.41002,   0.19015,  -0.05694
  -0.40988,   0.19131,  -0.05652
  -0.40974,   0.19247,  -0.05610
  -0.40959,   0.19363,  -0.05568
  -0.40943,   0.19479,  -0.05526
  -0.40927,   0.19594,  -0.05483
  -0.40910,   0.19710,  -0.05441
  -0.40893,   0.19825,  -0.05399
  -0.40874,   0.19939,  -0.05357
  -0.40856,   0.20054,  -0.05314
  -0.40836,   0.20168,  -0.05272
  -0.40816,   0.20282,  -0.05230
  -0.40795,   0.20395,  -0.05187
  -0.40774,   0.20509,  -0.05145
  -0.40752,   0.20622,  -0.05103
  -0.40729,   0.20734,  -0.05060
  -0.40706,   0.20847,  -0.05018
  -0.40682,   0.20959,  -0.04975
  -0.40658,   0.21071,  -0.04933
  -0.40633,   0.21182,  -0.04890
  -0.40607,   0.21293,  -0.04848
  -0.40581,   0.21404,  -0.04805
  -0.40554,   0.21515,  -0.04763
  -0.40527,   0.21625,  -0.04720
  -0.40499,   0.21735,  -0.04677
  -0.40470,   0.21844,  -0.04635
  -0.40441,   0.21954,  -0.04592
  -0.40411,   0.22062,  -0.04549
  -0.40381,   0.22171,  -0.04506
  -0.40350,   0.22279,  -0.04464
  -0.40318,   0.22387,  -0.04421
  -0.40286,   0.22494,  -0.04378
  -0.40253,   0.22601,  -0.04335
  -0.40220,   0.22708,  -0.04292
  -0.40186,   0.22814,  -0.04249
  -0.40152,   0.22920,  -0.04206
  -0.40117,   0.23025,  -0.04162
  -0.40081,   0.23130,  -0.04119
  -0.40045,   0.23235,  -0.04076
  -0.40008,   0.23339,  -0.04033
  -0.39971,   0.23443,  -0.03989
  -0.39933,   0.23547,  -0.03946
  -0.39895,   0.23650,  -0.03902
  -0.39856,   0.23752,  -0.03859
  -0.39817,   0.23854,  -0.03815
  -0.39777,   0.23956,  -0.03771
  -0.39736,   0.24057,  -0.03728
  -0.39695,   0.24158,  -0.03684
  -0.39654,   0.24259,  -0.03640
  -0.39612,   0.24358,  -0.03596
  -0.39569,   0.24458,  -0.03552
  -0.39526,   0.24557,  -0.03508
  -0.39483,   0.24655,  -0.03464
  -0.39439,   0.24753,  -0.03419
  -0.39394,   0.24851,  -0.03375
  -0.39349,   0.24948,  -0.03330
  -0.39303,   0.25045,  -0.03286
  -0.39257,   0.25141,  -0.03241
  -0.39211,   0.25236,  -0.03197
  -0.39164,   0.25331,  -0.03152
  -0.39116,   0.25426,  -0.03107
  -0.39068,   0.25520,  -0.03062
  -0.39019,   0.25613,  -0.03017
  -0.38970,   0.25706,  -0.02972
  -0.38921,   0.25799,  -0.02926
  -0.38871,   0.25891,  -0.02881
  -0.38821,   0.25982,  -0.02836
  -0.38770,   0.26073,  -0.02790
  -0.38718,   0.26163,  -0.02744
  -0.38667,   0.26253,  -0.02698
  -0.38614,   0.26342,  -0.02653
  -0.38562,   0.26431,  -0.02607
  -0.38509,   0.26519,  -0.02560
  -0.38455,   0.26606,  -0.02514
  -0.38401,   0.26693,  -0.02468
  -0.38346,   0.26779,  -0.02421
  -0.38292,   0.26865,  -0.02375
  -0.38236,   0.26950,  -0.02328
  -0.38180,   0.27035,  -0.02281
  -0.38124,   0.27119,  -0.02234
  -0.38068,   0.27202,  -0.02187
  -0.38011,   0.27285,  -0.02140
  -0.37953,   0.27367,  -0.02092
  -0.37896,   0.27448,  -0.02045
  -0.37837,   0.27529,  -0.01997
  -0.37779,   0.27609,  -0.01949
  -0.37720,   0.27689,  -0.01901
  -0.37660,   0.27768,  -0.01853
  -0.37600,   0.27846,  -0.01805
  -0.37540,   0.27923,  -0.01756
  -0.37480,   0.28000,  -0.01708
  -0.37419,   0.28077,  -0.01659
  -0.37357,   0.28152,  -0.01610
  -0.37296,   0.28227,  -0.01561
  -0.37234,   0.28301,  -0.01512
  -0.37171,   0.28375,  -0.01462
  -0.37108,   0.28448,  -0.01413
  -0.37045,   0.28520,  -0.01363
  -0.36982,   0.28592,  -0.01313
  -0.36918,   0.28662,  -0.01263
  -0.36854,   0.28733,  -0.01213
  -0.36789,   0.28802,  -0.01162
  -0.36724,   0.28871,  -0.01112
  -0.36659,   0.28939,  -0.01061
  -0.36593,   0.29006,  -0.01010
  -0.36528,   0.29072,  -0.00959
  -0.36461,   0.29138,  -0.00908
  -0.36395,   0.29203,  -0.00856
  -0.36328,   0.29267,  -0.00805
  -0.36261,   0.29331,  -0.00753
  -0.36193,   0.29394,  -0.00701
  -0.36126,   0.29456,  -0.00648
  -0.36057,   0.29517,  -0.00596
  -0.35989,   0.29578,  -0.00543
  -0.35920,   0.29637,  -0.00490
  -0.35851,   0.29696,  -0.00437
  -0.35782,   0.29754,  -0.00384
  -0.35713,   0.29812,  -0.00330
  -0.35643,   0.29868,  -0.00277
  -0.35573,   0.29924,  -0.00223
  -0.35502,   0.29979,  -0.00169
  -0.35432,   0.30034,  -0.00114
  -0.35361,   0.30087,  -0.00060
  -0.35290,   0.30140,  -0.00005
  -0.35218,   0.30191,   0.00050
  -0.35146,   0.30242,   0.00105
  -0.35074,   0.30292,   0.00161
  -0.35002,   0.30342,   0.00217
  -0.34930,   0.30390,   0.00273
  -0.34857,   0.30438,   0.00329
  -0.34784,   0.30485,   0.00385
  -0.34711,   0.30531,   0.00442
  -0.34638,   0.30576,   0.00499
  -0.34564,   0.30620,   0.00556
  -0.34490,   0.30664,   0.00613
  -0.34416,   0.30706,   0.00671
  -0.34342,   0.30748,   0.00729
  -0.34267,   0.30789,   0.00787
  -0.34193,   0.30829,   0.00845
  -0.34118,   0.30868,   0.00904
  -0.34043,   0.30906,   0.00963
  -0.33967,   0.30944,   0.01022
  -0.33892,   0.30980,   0.01081
  -0.33816,   0.31016,   0.01141
  -0.33740,   0.31050,   0.01201
  -0.33664,   0.31084,   0.01261
  -0.33588,   0.31117,   0.01322
  -0.33512,   0.31149,   0.01382
  -0.33435,   0.31180,   0.01443
  -0.33358,   0.31210,   0.01505
  -0.33281,   0.31239,   0.01566
  -0.33204,   0.31268,   0.01628
  -0.33127,   0.31295,   0.01690
  -0.33050,   0.31321,   0.01753
  -0.32972,   0.31347,   0.01815
  -0.32894,   0.31372,   0.01878
  -0.32817,   0.31395,   0.01941
  -0.32739,   0.31418,   0.02005
  -0.32660,   0.31440,   0.02069
  -0.32582,   0.31461,   0.02133
  -0.32504,   0.31480,   0.02197
  -0.32425,   0.31499,   0.02262
  -0.32347,   0.31517,   0.02327
  -0.32268,   0.31534,   0.02392
  -0.32189,   0.31550,   0.02458
  -0.32110,   0.31566,   0.02524
  -0.32031,   0.31580,   0.02590
  -0.31952,   0.31593,   0.02656
  -0.31873,   0.31605,   0.02723
  -0.31793,   0.31616,   0.02790
  -0.31714,   0.31626,   0.02858
  -0.31634,   0.31636,   0.02925
  -0.31555,   0.31644,   0.02993
  -0.31475,   0.31651,   0.03062
  -0.31395,   0.31657,   0.03130
  -0.31315,   0.31663,   0.03199
  -0.31235,   0.31667,   0.03269
  -0.31155,   0.31670,   0.03338
  -0.31075,   0.31673,   0.03408
  -0.30995,   0.31674,   0.03478
  -0.30915,   0.31674,   0.03549
  -0.30835,   0.31673,   0.03620
  -0.30754,   0.31672,   0.03691
  -0.30674,   0.31669,   0.03763
  -0.30593,   0.31665,   0.03834
  -0.30513,   0.31660,   0.03907
  -0.30433,   0.31655,   0.03979
  -0.30352,   0.31648,   0.04052
  -0.30272,   0.31640,   0.04125
  -0.30191,   0.31631,   0.04199
  -0.30110,   0.31621,   0.04273
  -0.30030,   0.31610,   0.04347
  -0.29949,   0.31598,   0.04421
  -0.29869,   0.31585,   0.04496
  -0.29788,   0.31571,   0.04571
  -0.29707,   0.31556,   0.04647
  -0.29627,   0.31540,   0.04723
  -0.29546,   0.31523,   0.04799
  -0.29465,   0.31505,   0.04876
  -0.29385,   0.31485,   0.04953
  -0.29304,   0.31465,   0.05030
  -0.29223,   0.31444,   0.05108
  -0.29143,   0.31421,   0.05185
  -0.29062,   0.31398,   0.05264
  -0.28982,   0.31374,   0.05342
  -0.28901,   0.31348,   0.05422
  -0.28821,   0.31322,   0.05501
  -0.28740,   0.31294,   0.05581
  -0.28660,   0.31265,   0.05661
  -0.28580,   0.31236,   0.05741
  -0.28499,   0.31205,   0.05822
  -0.28419,   0.31173,   0.05903
  -0.28339,   0.31140,   0.05985
  -0.28259,   0.31106,   0.06067
  -0.28179,   0.31071,   0.06149
  -0.28099,   0.31035,   0.06231
  -0.28019,   0.30998,   0.06314
  -0.27939,   0.30960,   0.06398
  -0.27859,   0.30920,   0.06481
  -0.27780,   0.30880,   0.06565
  -0.27700,   0.30839,   0.06650
  -0.27620,   0.30796,   0.06735
  -0.27541,   0.30753,   0.06820
  -0.27462,   0.30708,   0.06905
  -0.27382,   0.30663,   0.06991
  -0.27303,   0.30616,   0.07077
  -0.27224,   0.30568,   0.07164
  -0.27145,   0.30520,   0.07251
  -0.27067,   0.30470,   0.07338
  -0.26988,   0.30419,   0.07426
  -0.26909,   0.30367,   0.07514
  -0.26831,   0.30314,   0.07602
  -0.26753,   0.30260,   0.07691
  -0.26674,   0.30205,   0.07781
  -0.26596,   0.30148,   0.07870
  -0.26518,   0.30091,   0.07960
  -0.26441,   0.30033,   0.08050
  -0.26363,   0.29973,   0.08141
  -0.26285,   0.29913,   0.08232
  -0.26208,   0.29851,   0.08324
  -0.26131,   0.29789,   0.08415
  -0.26054,   0.29725,   0.08508
  -0.25977,   0.29661,   0.08600
  -0.25900,   0.29595,   0.08693
  -0.25824,   0.29528,   0.08786
  -0.25747,   0.29460,   0.08880
  -0.25671,   0.29391,   0.08974
  -0.25595,   0.29322,   0.09068
  -0.25519,   0.29251,   0.09163
  -0.25444,   0.29179,   0.09258
  -0.25368,   0.29106,   0.09354
  -0.25293,   0.29032,   0.09450
  -0.25218,   0.28956,   0.09546
  -0.25143,   0.28880,   0.09643
  -0.25069,   0.28803,   0.09740
  -0.24994,   0.28725,   0.09837
  -0.24920,   0.28646,   0.09935
  -0.24846,   0.28565,   0.10034
  -0.24772,   0.28484,   0.10132
  -0.24699,   0.28402,   0.10231
  -0.24625,   0.28318,   0.10330
  -0.24552,   0.28234,   0.10430
  -0.24479,   0.28149,   0.10530
  -0.24407,   0.28062,   0.10631
  -0.24334,   0.27975,   0.10731
  -0.24262,   0.27887,   0.10833
  -0.24190,   0.27797,   0.10934
  -0.24119,   0.27707,   0.11036
  -0.24047,   0.27615,   0.11139
  -0.23976,   0.27523,   0.11241
  -0.23906,   0.27429,   0.11344
  -0.23835,   0.27335,   0.11448
  -0.23765,   0.27240,   0.11552
  -0.23695,   0.27143,   0.11656
  -0.23625,   0.27046,   0.11760
  -0.23555,   0.26947,   0.11865
  -0.23486,   0.26848,   0.11971
  -0.23417,   0.26748,   0.12076
  -0.23349,   0.26646,   0.12182
  -0.23281,   0.26544,   0.12289
  -0.23213,   0.26441,   0.12396
  -0.23145,   0.26337,   0.12503
  -0.23078,   0.26232,   0.12610
  -0.23011,   0.26126,   0.12718
  -0.22944,   0.26019,   0.12827
  -0.22877,   0.25911,   0.12935
  -0.22811,   0.25802,   0.13044
  -0.22746,   0.25692,   0.13154
  -0.22680,   0.25581,   0.13264
  -0.22615,   0.25469,   0.13374
  -0.22550,   0.25357,   0.13484
  -0.22486,   0.25243,   0.13595
  -0.22422,   0.25129,   0.13706
  -0.22358,   0.25013,   0.13818
  -0.22295,   0.24897,   0.13930
  -0.22232,   0.24780,   0.14042
  -0.22169,   0.24662,   0.14155
  -0.22107,   0.24543,   0.14268
  -0.22045,   0.24423,   0.14381
  -0.21984,   0.24302,   0.14495
  -0.21923,   0.24181,   0.14609
  -0.21862,   0.24058,   0.14724
  -0.21802,   0.23935,   0.14839
  -0.21742,   0.23811,   0.14954
  -0.21682,   0.23686,   0.15069
  -0.21623,   0.23560,   0.15185
  -0.21565,   0.23433,   0.15302
  -0.21506,   0.23305,   0.15418
  -0.21448,   0.23177,   0.15535
  -0.21391,   0.23048,   0.15652
  -0.21334,   0.22918,   0.15770
  -0.21277,   0.22787,   0.15888
  -0.21221,   0.22655,   0.16007
  -0.21165,   0.22522,   0.16125
  -0.21110,   0.22389,   0.16244
  -0.21055,   0.22255,   0.16364
  -0.21001,   0.22120,   0.16484
  -0.20947,   0.21984,   0.16604
  -0.20893,   0.21848,   0.16724
  -0.20840,   0.21711,   0.16845
  -0.20787,   0.21573,   0.16966
  -0.20735,   0.21434,   0.17088
  -0.20684,   0.21295,   0.17210
  -0.20632,   0.21154,   0.17332
  -0.20582,   0.21013,   0.17454
  -0.20531,   0.20872,   0.17577
  -0.20482,   0.20729,   0.17700
  -0.20432,   0.20586,   0.17824
  -0.20384,   0.20442,   0.17948
  -0.20335,   0.20298,   0.18072
  -0.20288,   0.20152,   0.18196
  -0.20240,   0.20007,   0.18321
  -0.20194,   0.19860,   0.18446
  -0.20148,   0.19713,   0.18572
  -0.20102,   0.19565,   0.18698
  -0.20057,   0.19416,   0.18824
  -0.20012,   0.19267,   0.18950
  -0.19968,   0.19117,   0.19077
  -0.19924,   0.18966,   0.19204
  -0.19881,   0.18815,   0.19332
  -0.19839,   0.18663,   0.19459
  -0.19797,   0.18511,   0.19587
  -0.19756,   0.18358,   0.19716
  -0.19715,   0.18204,   0.19844
  -0.19675,   0.18050,   0.19973
  -0.19635,   0.17895,   0.20103
  -0.19596,   0.17740,   0.20232
  -0.19557,   0.17584,   0.20362
  -0.19520,   0.17428,   0.20493
  -0.19482,   0.17271,   0.20623
  -0.19445,   0.17113,   0.20754
  -0.19409,   0.16955,   0.20885
  -0.19374,   0.16796,   0.21017
  -0.19339,   0.16637,   0.21148
  -0.19305,   0.16477,   0.21280
  -0.19271,   0.16317,   0.21413
  -0.19238,   0.16157,   0.21545
  -0.19205,   0.15995,   0.21678
  -0.19173,   0.15834,   0.21811
  -0.19142,   0.15672,   0.21945
  -0.19112,   0.15509,   0.22079
  -0.19082,   0.15346,   0.22213
  -0.19052,   0.15183,   0.22347
  -0.19024,   0.15019,   0.22482
  -0.18996,   0.14855,   0.22617
  -0.18968,   0.14690,   0.22752
  -0.18942,   0.14525,   0.22887
  -0.18916,   0.14360,   0.23023
  -0.18890,   0.14194,   0.23159
  -0.18866,   0.14027,   0.23296
  -0.18842,   0.13861,   0.23432
  -0.18818,   0.13694,   0.23569
  -0.18796,   0.13527,   0.23706
  -0.18774,   0.13359,   0.23843
  -0.18753,   0.13191,   0.23981
  -0.18732,   0.13023,   0.24119
  -0.18712,   0.12854,   0.24257
  -0.18693,   0.12685,   0.24396
  -0.18675,   0.12516,   0.24534
  -0.18657,   0.12347,   0.24673
  -0.18640,   0.12177,   0.24812
  -0.18624,   0.12007,   0.24952
  -0.18608,   0.11837,   0.25092
  -0.18594,   0.11666,   0.25231
  -0.18580,   0.11496,   0.25372
  -0.18566,   0.11325,   0.25512
  -0.18554,   0.11154,   0.25653
  -0.18542,   0.10982,   0.25794
  -0.18531,   0.10811,   0.25935
  -0.18521,   0.10639,   0.26076
  -0.18511,   0.10467,   0.26218
  -0.18503,   0.10295,   0.26360
  -0.18495,   0.10123,   0.26502
  -0.18487,   0.09951,   0.26644
  -0.18481,   0.09778,   0.26787
  -0.18475,   0.09606,   0.26929
  -0.18471,   0.09433,   0.27072
  -0.18467,   0.09260,   0.27215
  -0.18463,   0.09087,   0.27359
  -0.18461,   0.08915,   0.27502
  -0.18459,   0.08742,   0.27646
  -0.18459,   0.08569,   0.27790
  -0.18459,   0.08396,   0.27934
  -0.18460,   0.08222,   0.28079
  -0.18461,   0.08049,   0.28224
  -0.18464,   0.07876,   0.28368
  -0.18467,   0.07703,   0.28513
  -0.18471,   0.07530,   0.28659
  -0.18477,   0.07357,   0.28804
  -0.18482,   0.07184,   0.28950
  -0.18489,   0.07011,   0.29096
  -0.18497,   0.06838,   0.29242
  -0.18505,   0.06665,   0.29388
  -0.18515,   0.06492,   0.29534
  -0.18525,   0.06320,   0.29681
  -0.18536,   0.06147,   0.29827
  -0.18548,   0.05975,   0.29974
  -0.18561,   0.05802,   0.30121
  -0.18574,   0.05630,   0.30269
  -0.18589,   0.05458,   0.30416
  -0.18604,   0.05286,   0.30564
  -0.18621,   0.05114,   0.30711
  -0.18638,   0.04943,   0.30859
  -0.18656,   0.04771,   0.31007
  -0.18675,   0.04600,   0.31155
  -0.18695,   0.04429,   0.31304
  -0.18716,   0.04258,   0.31452
  -0.18738,   0.04088,   0.31601
  -0.18761,   0.03918,   0.31750
  -0.18785,   0.03748,   0.31899
  -0.18809,   0.03578,   0.32048
  -0.18835,   0.03408,   0.32197
  -0.18861,   0.03239,   0.32346
  -0.18889,   0.03070,   0.32496
  -0.18917,   0.02902,   0.32646
  -0.18946,   0.02734,   0.32795
  -0.18977,   0.02566,   0.32945
  -0.19008,   0.02398,   0.33095
  -0.19040,   0.02231,   0.33245
  -0.19073,   0.02064,   0.33395
  -0.19107,   0.01898,   0.33546
  -0.19142,   0.01732,   0.33696
  -0.19178,   0.01566,   0.33847
  -0.19215,   0.01401,   0.33997
  -0.19253,   0.01237,   0.34148
  -0.19292,   0.01072,   0.34299
  -0.19332,   0.00908,   0.34450
  -0.19373,   0.00745,   0.34601
  -0.19415,   0.00582,   0.34752
  -0.19458,   0.00420,   0.34903
  -0.19502,   0.00258,   0.35055
  -0.19547,   0.00097,   0.35206
  -0.19593,  -0.00064,   0.35357
  -0.19640,  -0.00224,   0.35509
  -0.19688,  -0.00384,   0.35661
  -0.19737,  -0.00543,   0.35812
  -0.19787,  -0.00702,   0.35964
  -0.19838,  -0.00860,   0.36116
  -0.19890,  -0.01017,   0.36268
  -0.19943,  -0.01174,   0.36419
  -0.19998,  -0.01330,   0.36571
  -0.20053,  -0.01486,   0.36723
  -0.20109,  -0.01641,   0.36876
  -0.20166,  -0.01795,   0.37028
  -0.20224,  -0.01949,   0.37180
  -0.20284,  -0.02102,   0.37332
  -0.20344,  -0.02254,   0.37484
  -0.20405,  -0.02406,   0.37636
  -0.20468,  -0.02556,   0.37789
  -0.20531,  -0.02706,   0.37941
  -0.20596,  -0.02856,   0.38093
  -0.20661,  -0.03004,   0.38246
  -0.20728,  -0.03152,   0.38398
  -0.20796,  -0.03299,   0.38550
  -0.20864,  -0.03446,   0.38703
  -0.20934,  -0.03591,   0.38855
  -0.21005,  -0.03736,   0.39007
  -0.21077,  -0.03880,   0.39160
  -0.21150,  -0.04023,   0.39312
  -0.21224,  -0.04165,   0.39464
  -0.21300,  -0.04306,   0.39617
  -0.21376,  -0.04447,   0.39769
  -0.21453,  -0.04587,   0.39921
  -0.21531,  -0.04725,   0.40074
  -0.21611,  -0.04863,   0.40226
  -0.21692,  -0.05000,   0.40378
  -0.21773,  -0.05136,   0.40530
  -0.21856,  -0.05271,   0.40682
  -0.21940,  -0.05405,   0.40835
  -0.22025,  -0.05539,   0.40987
  -0.22111,  -0.05671,   0.41139
  -0.22198,  -0.05802,   0.41291
  -0.22286,  -0.05932,   0.41442
  -0.22375,  -0.06062,   0.41594
  -0.22466,  -0.06190,   0.41746
  -0.22557,  -0.06317,   0.41898
  -0.22650,  -0.06443,   0.42049
  -0.22743,  -0.06569,   0.42201
  -0.22838,  -0.06693,   0.42352
  -0.22934,  -0.06816,   0.42504
  -0.23031,  -0.06938,   0.42655
  -0.23129,  -0.07059,   0.42806
  -0.23228,  -0.07178,   0.42957
  -0.23328,  -0.07297,   0.43108
  -0.23429,  -0.07415,   0.43259
  -0.23532,  -0.07531,   0.43410
  -0.23635,  -0.07646,   0.43561
  -0.23740,  -0.07761,   0.43711
  -0.23846,  -0.07874,   0.43862
  -0.23953,  -0.07986,   0.44012
  -0.24060,  -0.08096,   0.44162
  -0.24169,  -0.08206,   0.44312
  -0.24280,  -0.08314,   0.44462
  -0.24391,  -0.08421,   0.44612
  -0.24503,  -0.08527,   0.44762
  -0.24617,  -0.08631,   0.44911
  -0.24731,  -0.08735,   0.45061
  -0.24847,  -0.08837,   0.45210
