# epsilon_xx, epsilon_yy, epsilon_xy
   0.00000,  -0.00000,  -0.00000
  -0.00127,  -0.00106,  -0.00056
  -0.00255,  -0.00212,  -0.00113
  -0.00382,  -0.00318,  -0.00170
  -0.00510,  -0.00423,  -0.00228
  -0.00638,  -0.00528,  -0.00286
  -0.00765,  -0.00633,  -0.00344
  -0.00893,  -0.00738,  -0.00403
  -0.01021,  -0.00843,  -0.00462
  -0.01149,  -0.00947,  -0.00522
  -0.01277,  -0.01051,  -0.00581
  -0.01405,  -0.01155,  -0.00642
  -0.01533,  -0.01258,  -0.00702
  -0.01662,  -0.01361,  -0.00763
  -0.01790,  -0.01464,  -0.00825
  -0.01919,  -0.01567,  -0.00887
  -0.02047,  -0.01670,  -0.00949
  -0.02176,  -0.01772,  -0.01011
  -0.02305,  -0.01874,  -0.01074
  -0.02434,  -0.01975,  -0.01138
  -0.02563,  -0.02077,  -0.01202
  -0.02692,  -0.02178,  -0.01266
  -0.02821,  -0.02278,  -0.01330
  -0.02950,  -0.02379,  -0.01395
  -0.03079,  -0.02479,  -0.01461
  -0.03209,  -0.02579,  -0.01526
  -0.03338,  -0.02678,  -0.01592
  -0.03468,  -0.02777,  -0.01659
  -0.03597,  -0.02876,  -0.01726
  -0.03727,  -0.02975,  -0.01793
  -0.03857,  -0.03073,  -0.01860
  -0.03987,  -0.03171,  -0.01928
  -0.04117,  -0.03268,  -0.01997
  -0.04247,  -0.03365,  -0.02066
  -0.04377,  -0.03462,  -0.02135
  -0.04507,  -0.03559,  -0.02204
  -0.04638,  -0.03655,  -0.02274
  -0.04768,  -0.03751,  -0.02344
  -0.04899,  -0.03846,  -0.02415
  -0.05029,  -0.03941,  -0.02486
  -0.05160,  -0.04036,  -0.02557
  -0.05291,  -0.04130,  -0.02629
  -0.05422,  -0.04224,  -0.02701
  -0.05553,  -0.04317,  -0.02774
  -0.05684,  -0.04410,  -0.02847
  -0.05815,  -0.04503,  -0.02920
  -0.05946,  -0.04595,  -0.02994
  -0.06077,  -0.04687,  -0.03068
  -0.06209,  -0.04779,  -0.03142
  -0.06340,  -0.04870,  -0.03217
  -0.06472,  -0.04960,  -0.03292
  -0.06603,  -0.05051,  -0.03367
  -0.06735,  -0.05140,  -0.03443
  -0.06867,  -0.05230,  -0.03519
  -0.06999,  -0.05319,  -0.03596
  -0.07131,  -0.05407,  -0.03672
  -0.07263,  -0.05495,  -0.03750
  -0.07395,  -0.05583,  -0.03827
  -0.07527,  -0.05670,  -0.03905
  -0.07659,  -0.05757,  -0.03983
  -0.07792,  -0.05843,  -0.04062
  -0.07924,  -0.05929,  -0.04141
  -0.08057,  -0.06015,  -0.04220
  -0.08189,  -0.06099,  -0.04300
  -0.08322,  -0.06184,  -0.04380
  -0.08455,  -0.06268,  -0.04460
  -0.08587,  -0.06351,  -0.04541
  -0.08720,  -0.06434,  -0.04622
  -0.08853,  -0.06517,  -0.04703
  -0.08986,  -0.06599,  -0.04785
  -0.09119,  -0.06681,  -0.04867
  -0.09253,  -0.06762,  -0.04949
  -0.09386,  -0.06842,  -0.05032
  -0.09519,  -0.06922,  -0.05115
  -0.09652,  -0.07002,  -0.05198
  -0.09786,  -0.07081,  -0.05282
  -0.09919,  -0.07159,  -0.05366
  -0.10053,  -0.07238,  -0.05450
  -0.10186,  -0.07315,  -0.05535
  -0.10320,  -0.07392,  -0.05620
  -0.10454,  -0.07469,  -0.05705
  -0.10587,  -0.07544,  -0.05790
  -0.10721,  -0.07620,  -0.05876
  -0.10855,  -0.07695,  -0.05962
  -0.10989,  -0.07769,  -0.06049
  -0.11123,  -0.07843,  -0.06135
  -0.11257,  -0.07916,  -0.06222
  -0.11391,  -0.07989,  -0.06310
  -0.11525,  -0.08061,  -0.06397
  -0.11659,  -0.08133,  -0.06485
  -0.11794,  -0.08204,  -0.06573
  -0.11928,  -0.08274,  -0.06662
  -0.12062,  -0.08344,  -0.06750
  -0.12196,  -0.08414,  -0.06839
  -0.12331,  -0.08482,  -0.06929
  -0.12465,  -0.08551,  -0.07018
  -0.12600,  -0.08618,  -0.07108
  -0.12734,  -0.08685,  -0.07198
  -0.12869,  -0.08752,  -0.07289
  -0.13003,  -0.08818,  -0.07379
  -0.13138,  -0.08883,  -0.07470
  -0.13272,  -0.08948,  -0.07561
  -0.13407,  -0.09012,  -0.07653
  -0.13541,  -0.09076,  -0.07745
  -0.13676,  -0.09139,  -0.07837
  -0.13811,  -0.09201,  -0.07929
  -0.13946,  -0.09263,  -0.08021
  -0.14080,  -0.09324,  -0.08114
  -0.14215,  -0.09385,  -0.08207
  -0.14350,  -0.09445,  -0.08300
  -0.14485,  -0.09504,  -0.08393
  -0.14619,  -0.09563,  -0.08487
  -0.14754,  -0.09621,  -0.08581
  -0.14889,  -0.09679,  -0.08675
  -0.15024,  -0.09736,  -0.08769
  -0.15159,  -0.09792,  -0.08864
  -0.15293,  -0.09848,  -0.08959
  -0.15428,  -0.09903,  -0.09054
  -0.15563,  -0.09957,  -0.09149
  -0.15698,  -0.10011,  -0.09244
  -0.15833,  -0.10064,  -0.09340
  -0.15967,  -0.10116,  -0.09436
  -0.16102,  -0.10168,  -0.09532
  -0.16237,  -0.10220,  -0.09628
  -0.16372,  -0.10270,  -0.09725
  -0.16506,  -0.10320,  -0.09821
  -0.16641,  -0.10370,  -0.09918
  -0.16776,  -0.10418,  -0.10015
  -0.16910,  -0.10466,  -0.10113
  -0.17045,  -0.10514,  -0.10210
  -0.17180,  -0.10561,  -0.10308
  -0.17314,  -0.10607,  -0.10405
  -0.17449,  -0.10652,  -0.10503
  -0.17584,  -0.10697,  -0.10602
  -0.17718,  -0.10741,  -0.10700
  -0.17853,  -0.10785,  -0.10798
  -0.17987,  -0.10827,  -0.10897
  -0.18121,  -0.10870,  -0.10996
  -0.18256,  -0.10911,  -0.11095
  -0.18390,  -0.10952,  -0.11194
  -0.18524,  -0.10992,  -0.11293
  -0.18659,  -0.11032,  -0.11393
  -0.18793,  -0.11071,  -0.11492
  -0.18927,  -0.11109,  -0.11592
  -0.19061,  -0.11146,  -0.11692
  -0.19195,  -0.11183,  -0.11792
  -0.19329,  -0.11219,  -0.11892
  -0.19463,  -0.11255,  -0.11992
  -0.19597,  -0.11290,  -0.12093
  -0.19730,  -0.11324,  -0.12193
  -0.19864,  -0.11357,  -0.12294
  -0.19998,  -0.11390,  -0.12395
  -0.20131,  -0.11422,  -0.12496
  -0.20265,  -0.11454,  -0.12597
  -0.20398,  -0.11485,  -0.12698
  -0.20532,  -0.11515,  -0.12799
  -0.20665,  -0.11544,  -0.12901
  -0.20798,  -0.11573,  -0.13002
  -0.20931,  -0.11601,  -0.13104
  -0.21064,  -0.11629,  -0.13206
  -0.21197,  -0.11656,  -0.13308
  -0.21330,  -0.11682,  -0.13409
  -0.21463,  -0.11707,  -0.13511
  -0.21595,  -0.11732,  -0.13614
  -0.21728,  -0.11756,  -0.13716
  -0.21860,  -0.11779,  -0.13818
  -0.21993,  -0.11802,  -0.13920
  -0.22125,  -0.11824,  -0.14023
  -0.22257,  -0.11845,  -0.14125
  -0.22389,  -0.11866,  -0.14228
  -0.22521,  -0.11886,  -0.14331
  -0.22653,  -0.11905,  -0.14433
  -0.22785,  -0.11924,  -0.14536
  -0.22916,  -0.11942,  -0.14639
  -0.23048,  -0.11959,  -0.14742
  -0.23179,  -0.11976,  -0.14845
  -0.23310,  -0.11992,  -0.14948
  -0.23442,  -0.12007,  -0.15051
  -0.23573,  -0.12022,  -0.15155
  -0.23703,  -0.12035,  -0.15258
  -0.23834,  -0.12049,  -0.15361
  -0.23965,  -0.12061,  -0.15464
  -0.24095,  -0.12073,  -0.15568
  -0.24226,  -0.12084,  -0.15671
  -0.24356,  -0.12095,  -0.15775
  -0.24486,  -0.12105,  -0.15878
  -0.24616,  -0.12114,  -0.15982
  -0.24746,  -0.12123,  -0.16085
  -0.24875,  -0.12130,  -0.16189
  -0.25005,  -0.12138,  -0.16292
  -0.25134,  -0.12144,  -0.16396
  -0.25263,  -0.12150,  -0.16500
  -0.25392,  -0.12155,  -0.16603
  -0.25521,  -0.12160,  -0.16707
  -0.25650,  -0.12164,  -0.16811
  -0.25778,  -0.12167,  -0.16914
  -0.25907,  -0.12170,  -0.17018
  -0.26035,  -0.12172,  -0.17122
  -0.26163,  -0.12173,  -0.17226
  -0.26291,  -0.12173,  -0.17329
  -0.26419,  -0.12173,  -0.17433
  -0.26546,  -0.12173,  -0.17537
  -0.26674,  -0.12171,  -0.17641
  -0.26801,  -0.12169,  -0.17744
  -0.26928,  -0.12167,  -0.17848
  -0.27055,  -0.12164,  -0.17952
  -0.27181,  -0.12160,  -0.18055
  -0.27308,  -0.12155,  -0.18159
  -0.27434,  -0.12150,  -0.18263
  -0.27560,  -0.12144,  -0.18366
  -0.27686,  -0.12138,  -0.18470
  -0.27812,  -0.12131,  -0.18574
  -0.27937,  -0.12123,  -0.18677
  -0.28063,  -0.12115,  -0.18781
  -0.28188,  -0.12106,  -0.18884
  -0.28313,  -0.12096,  -0.18988
  -0.28438,  -0.12086,  -0.19091
  -0.28562,  -0.12075,  -0.19195
  -0.28687,  -0.12064,  -0.19298
  -0.28811,  -0.12052,  -0.19402
  -0.28935,  -0.12039,  -0.19505
  -0.29058,  -0.12026,  -0.19608
  -0.29182,  -0.12012,  -0.19712
  -0.29305,  -0.11998,  -0.19815
  -0.29428,  -0.11983,  -0.19918
  -0.29551,  -0.11967,  -0.20021
  -0.29674,  -0.11951,  -0.20124
  -0.29797,  -0.11934,  -0.20227
  -0.29919,  -0.11916,  -0.20330
  -0.30041,  -0.11898,  -0.20433
  -0.30163,  -0.11880,  -0.20536
  -0.30284,  -0.11861,  -0.20639
  -0.30406,  -0.11841,  -0.20742
  -0.30527,  -0.11821,  -0.20845
  -0.30648,  -0.11800,  -0.20947
  -0.30769,  -0.11778,  -0.21050
  -0.30889,  -0.11756,  -0.21152
  -0.31009,  -0.11734,  -0.21255
  -0.31129,  -0.11711,  -0.21357
  -0.31249,  -0.11687,  -0.21460
  -0.31369,  -0.11663,  -0.21562
  -0.31488,  -0.11638,  -0.21664
  -0.31607,  -0.11613,  -0.21766
  -0.31726,  -0.11587,  -0.21868
  -0.31845,  -0.11561,  -0.21970
  -0.31963,  -0.11534,  -0.22072
  -0.32081,  -0.11506,  -0.22174
  -0.32199,  -0.11478,  -0.22276
  -0.32317,  -0.11450,  -0.22378
  -0.32434,  -0.11421,  -0.22479
  -0.32551,  -0.11391,  -0.22581
  -0.32668,  -0.11361,  -0.22682
  -0.32785,  -0.11331,  -0.22784
  -0.32901,  -0.11300,  -0.22885
  -0.33018,  -0.11268,  -0.22986
  -0.33134,  -0.11236,  -0.23087
  -0.33249,  -0.11204,  -0.23188
  -0.33365,  -0.11171,  -0.23289
  -0.33480,  -0.11137,  -0.23390
  -0.33595,  -0.11103,  -0.23491
  -0.33710,  -0.11069,  -0.23591
  -0.33824,  -0.11034,  -0.23692
  -0.33938,  -0.10999,  -0.23793
  -0.34052,  -0.10963,  -0.23893
  -0.34166,  -0.10927,  -0.23993
  -0.34279,  -0.10890,  -0.24094
  -0.34393,  -0.10853,  -0.24194
  -0.34506,  -0.10815,  -0.24294
  -0.34618,  -0.10778,  -0.24394
  -0.34731,  -0.10739,  -0.24494
  -0.34843,  -0.10700,  -0.24593
  -0.34955,  -0.10661,  -0.24693
  -0.35066,  -0.10621,  -0.24793
  -0.35178,  -0.10581,  -0.24892
  -0.35289,  -0.10541,  -0.24991
  -0.35400,  -0.10500,  -0.25091
  -0.35510,  -0.10458,  -0.25190
  -0.35621,  -0.10417,  -0.25289
  -0.35731,  -0.10375,  -0.25388
  -0.35841,  -0.10332,  -0.25487
  -0.35950,  -0.10289,  -0.25586
  -0.36060,  -0.10246,  -0.25684
  -0.36169,  -0.10203,  -0.25783
  -0.36277,  -0.10159,  -0.25881
  -0.36386,  -0.10114,  -0.25980
  -0.36494,  -0.10070,  -0.26078
  -0.36602,  -0.10025,  -0.26176
  -0.36710,  -0.09979,  -0.26274
  -0.36817,  -0.09934,  -0.26372
  -0.36925,  -0.09888,  -0.26470
  -0.37032,  -0.09841,  -0.26568
  -0.37138,  -0.09795,  -0.26666
  -0.37245,  -0.09748,  -0.26763
  -0.37351,  -0.09700,  -0.26861
  -0.37457,  -0.09653,  -0.26958
  -0.37563,  -0.09605,  -0.27055
  -0.37668,  -0.09557,  -0.27152
  -0.37773,  -0.09508,  -0.27249
  -0.37878,  -0.09459,  -0.27346
  -0.37983,  -0.09410,  -0.27443
  -0.38087,  -0.09361,  -0.27540
  -0.38191,  -0.09312,  -0.27636
  -0.38295,  -0.09262,  -0.27733
  -0.38398,  -0.09212,  -0.27829
  -0.38502,  -0.09161,  -0.27926
  -0.38605,  -0.09111,  -0.28022
  -0.38708,  -0.09060,  -0.28118
  -0.38810,  -0.09009,  -0.28214
  -0.38912,  -0.08958,  -0.28310
  -0.39014,  -0.08906,  -0.28406
  -0.39116,  -0.08855,  -0.28501
  -0.39218,  -0.08803,  -0.28597
  -0.39319,  -0.08751,  -0.28692
  -0.39420,  -0.08698,  -0.28788
  -0.39521,  -0.08646,  -0.28883
  -0.39621,  -0.08593,  -0.28978
  -0.39722,  -0.08540,  -0.29073
  -0.39822,  -0.08487,  -0.29168
  -0.39921,  -0.08434,  -0.29263
  -0.40021,  -0.08381,  -0.29358
  -0.40120,  -0.08327,  -0.29452
  -0.40219,  -0.08274,  -0.29547
  -0.40318,  -0.08220,  -0.29641
  -0.40416,  -0.08166,  -0.29735
  -0.40514,  -0.08112,  -0.29830
  -0.40612,  -0.08058,  -0.29924
  -0.40710,  -0.08003,  -0.30018
  -0.40808,  -0.07949,  -0.30112
  -0.40905,  -0.07894,  -0.30206
  -0.41002,  -0.07840,  -0.30299
  -0.41099,  -0.07785,  -0.30393
  -0.41195,  -0.07730,  -0.30486
  -0.41292,  -0.07675,  -0.30580
  -0.41388,  -0.07620,  -0.30673
  -0.41484,  -0.07565,  -0.30766
  -0.41579,  -0.07510,  -0.30859
  -0.41675,  -0.07455,  -0.30953
  -0.41770,  -0.07400,  -0.31045
  -0.41865,  -0.07345,  -0.31138
  -0.41959,  -0.07289,  -0.31231
  -0.42054,  -0.07234,  -0.31324
  -0.42148,  -0.07179,  -0.31416
  -0.42242,  -0.07123,  -0.31509
  -0.42336,  -0.07068,  -0.31601
  -0.42429,  -0.07013,  -0.31693
  -0.42522,  -0.06957,  -0.31785
  -0.42615,  -0.06902,  -0.31877
  -0.42708,  -0.06846,  -0.31969
  -0.42801,  -0.06791,  -0.32061
  -0.42893,  -0.06736,  -0.32153
  -0.42985,  -0.06681,  -0.32244
  -0.43077,  -0.06625,  -0.32336
  -0.43169,  -0.06570,  -0.32427
  -0.43261,  -0.06515,  -0.32519
  -0.43352,  -0.06460,  -0.32610
  -0.43443,  -0.06405,  -0.32701
  -0.43534,  -0.06350,  -0.32792
  -0.43625,  -0.06295,  -0.32883
  -0.43715,  -0.06240,  -0.32974
  -0.43805,  -0.06185,  -0.33065
  -0.43895,  -0.06130,  -0.33156
  -0.43985,  -0.06076,  -0.33246
  -0.44075,  -0.06021,  -0.33337
  -0.44164,  -0.05967,  -0.33427
  -0.44254,  -0.05913,  -0.33518
  -0.44343,  -0.05859,  -0.33608
  -0.44432,  -0.05805,  -0.33698
  -0.44520,  -0.05751,  -0.33788
  -0.44609,  -0.05697,  -0.33878
  -0.44697,  -0.05644,  -0.33968
  -0.44785,  -0.05590,  -0.34058
  -0.44873,  -0.05537,  -0.34147
  -0.44961,  -0.05484,  -0.34237
  -0.45048,  -0.05431,  -0.34326
  -0.45135,  -0.05378,  -0.34416
  -0.45222,  -0.05325,  -0.34505
  -0.45309,  -0.05273,  -0.34594
  -0.45396,  -0.05221,  -0.34683
  -0.45483,  -0.05169,  -0.34772
  -0.45569,  -0.05117,  -0.34861
  -0.45655,  -0.05066,  -0.34950
  -0.45741,  -0.05014,  -0.35039
  -0.45827,  -0.04963,  -0.35128
  -0.45913,  -0.04912,  -0.35216
  -0.45999,  -0.04861,  -0.35305
  -0.46084,  -0.04811,  -0.35393
  -0.46169,  -0.04761,  -0.35481
  -0.46254,  -0.04711,  -0.35570
  -0.46339,  -0.04661,  -0.35658
  -0.46424,  -0.04612,  -0.35746
  -0.46508,  -0.04563,  -0.35834
  -0.46593,  -0.04514,  -0.35922
  -0.46677,  -0.04465,  -0.36009
  -0.46761,  -0.04417,  -0.36097
  -0.46845,  -0.04369,  -0.36185
  -0.46929,  -0.04321,  -0.36272
  -0.47012,  -0.04274,  -0.36359
  -0.47096,  -0.04227,  -0.36447
  -0.47179,  -0.04180,  -0.36534
  -0.47262,  -0.04134,  -0.36621
  -0.47345,  -0.04088,  -0.36708
  -0.47428,  -0.04042,  -0.36795
  -0.47511,  -0.03996,  -0.36882
  -0.47594,  -0.03951,  -0.36968
  -0.47676,  -0.03906,  -0.37055
  -0.47758,  -0.03862,  -0.37141
  -0.47841,  -0.03818,  -0.37228
  -0.47923,  -0.03774,  -0.37314
  -0.48005,  -0.03731,  -0.37400
  -0.48086,  -0.03688,  -0.37486
  -0.48168,  -0.03645,  -0.37572
  -0.48250,  -0.03603,  -0.37658
  -0.48331,  -0.03561,  -0.37744
  -0.48412,  -0.03520,  -0.37830
  -0.48493,  -0.03479,  -0.37915
  -0.48574,  -0.03438,  -0.38001
  -0.48655,  -0.03398,  -0.38086
  -0.48736,  -0.03358,  -0.38172
  -0.48817,  -0.03319,  -0.38257
  -0.48897,  -0.03280,  -0.38342
  -0.48978,  -0.03242,  -0.38427
  -0.49058,  -0.03204,  -0.38512
  -0.49138,  -0.03166,  -0.38596
  -0.49218,  -0.03129,  -0.38681
  -0.49298,  -0.03092,  -0.38765
  -0.49378,  -0.03056,  -0.38850
  -0.49458,  -0.03020,  -0.38934
  -0.49538,  -0.02984,  -0.39018
  -0.49617,  -0.02949,  -0.39102
  -0.49697,  -0.02915,  -0.39186
  -0.49776,  -0.02881,  -0.39270
  -0.49855,  -0.02847,  -0.39354
  -0.49934,  -0.02814,  -0.39437
  -0.50013,  -0.02782,  -0.39521
  -0.50092,  -0.02750,  -0.39604
  -0.50171,  -0.02718,  -0.39687
  -0.50250,  -0.02687,  -0.39770
  -0.50329,  -0.02657,  -0.39853
  -0.50407,  -0.02627,  -0.39936
  -0.50486,  -0.02597,  -0.40018
  -0.50564,  -0.02568,  -0.40101
  -0.50642,  -0.02540,  -0.40183
  -0.50721,  -0.02512,  -0.40265
  -0.50799,  -0.02484,  -0.40347
  -0.50877,  -0.02457,  -0.40429
  -0.50955,  -0.02431,  -0.40511
  -0.51033,  -0.02405,  -0.40593
  -0.51110,  -0.02380,  -0.40674
  -0.51188,  -0.02355,  -0.40756
  -0.51266,  -0.02331,  -0.40837
  -0.51343,  -0.02307,  -0.40918
  -0.51421,  -0.02284,  -0.40999
  -0.51498,  -0.02261,  -0.41080
  -0.51575,  -0.02239,  -0.41160
  -0.51652,  -0.02218,  -0.41241
  -0.51730,  -0.02197,  -0.41321
  -0.51807,  -0.02177,  -0.41401
  -0.51884,  -0.02157,  -0.41481
  -0.51960,  -0.02138,  -0.41561
  -0.52037,  -0.02119,  -0.41640
  -0.52114,  -0.02101,  -0.41720
  -0.52191,  -0.02084,  -0.41799
  -0.52267,  -0.02067,  -0.41878
  -0.52344,  -0.02051,  -0.41957
  -0.52420,  -0.02035,  -0.42036
  -0.52497,  -0.02020,  -0.42114
  -0.52573,  -0.02005,  -0.42192
  -0.52649,  -0.01992,  -0.42270
  -0.52725,  -0.01978,  -0.42348
  -0.52802,  -0.01966,  -0.42426
  -0.52878,  -0.01954,  -0.42504
  -0.52954,  -0.01942,  -0.42581
  -0.53029,  -0.01931,  -0.42658
  -0.53105,  -0.01921,  -0.42735
  -0.53181,  -0.01911,  -0.42812
  -0.53257,  -0.01903,  -0.42888
  -0.53332,  -0.01894,  -0.42965
  -0.53408,  -0.01886,  -0.43041
  -0.53483,  -0.01879,  -0.43116
  -0.53559,  -0.01873,  -0.43192
  -0.53634,  -0.01867,  -0.43267
  -0.53709,  -0.01862,  -0.43343
  -0.53785,  -0.01857,  -0.43418
  -0.53860,  -0.01853,  -0.43492
  -0.53935,  -0.01850,  -0.43567
  -0.54010,  -0.01847,  -0.43641
  -0.54085,  -0.01845,  -0.43715
  -0.54160,  -0.01843,  -0.43788
  -0.54235,  -0.01843,  -0.43862
  -0.54309,  -0.01842,  -0.43935
  -0.54384,  -0.01843,  -0.44008
  -0.54459,  -0.01844,  -0.44081
  -0.54533,  -0.01846,  -0.44153
  -0.54608,  -0.01848,  -0.44225
  -0.54682,  -0.01851,  -0.44297
  -0.54756,  -0.01855,  -0.44369
  -0.54831,  -0.01859,  -0.44440
  -0.54905,  -0.01864,  -0.44511
  -0.54979,  -0.01870,  -0.44582
  -0.55053,  -0.01876,  -0.44652
  -0.55127,  -0.01883,  -0.44722
  -0.55201,  -0.01890,  -0.44792
  -0.55274,  -0.01899,  -0.44862
  -0.55348,  -0.01907,  -0.44931
  -0.55422,  -0.01917,  -0.45000
  -0.55495,  -0.01927,  -0.45068
  -0.55569,  -0.01938,  -0.45136
  -0.55642,  -0.01949,  -0.45204
  -0.55716,  -0.01961,  -0.45272
  -0.55789,  -0.01974,  -0.45339
  -0.55862,  -0.01987,  -0.45406
  -0.55935,  -0.02001,  -0.45473
  -0.56008,  -0.02016,  -0.45539
  -0.56081,  -0.02031,  -0.45605
  -0.56154,  -0.02047,  -0.45671
  -0.56227,  -0.02064,  -0.45736
  -0.56299,  -0.02081,  -0.45801
  -0.56372,  -0.02099,  -0.45865
  -0.56444,  -0.02118,  -0.45929
  -0.56517,  -0.02137,  -0.45993
  -0.56589,  -0.02157,  -0.46056
  -0.56661,  -0.02177,  -0.46119
  -0.56733,  -0.02198,  -0.46182
  -0.56805,  -0.02220,  -0.46244
  -0.56877,  -0.02242,  -0.46306
  -0.56949,  -0.02265,  -0.46367
  -0.57020,  -0.02289,  -0.46428
  -0.57092,  -0.02313,  -0.46489
  -0.57163,  -0.02338,  -0.46549
  -0.57235,  -0.02363,  -0.46608
  -0.57306,  -0.02390,  -0.46668
  -0.57377,  -0.02416,  -0.46727
  -0.57448,  -0.02444,  -0.46785
  -0.57519,  -0.02472,  -0.46843
  -0.57590,  -0.02500,  -0.46901
  -0.57660,  -0.02530,  -0.46958
  -0.57731,  -0.02560,  -0.47014
  -0.57801,  -0.02590,  -0.47071
  -0.57871,  -0.02621,  -0.47126
  -0.57942,  -0.02653,  -0.47182
  -0.58012,  -0.02685,  -0.47236
  -0.58081,  -0.02718,  -0.47291
  -0.58151,  -0.02752,  -0.47344
  -0.58221,  -0.02786,  -0.47398
  -0.58290,  -0.02821,  -0.47451
  -0.58360,  -0.02856,  -0.47503
  -0.58429,  -0.02892,  -0.47555
  -0.58498,  -0.02929,  -0.47606
  -0.58567,  -0.02966,  -0.47657
  -0.58635,  -0.03003,  -0.47707
  -0.58704,  -0.03042,  -0.47757
  -0.58772,  -0.03081,  -0.47806
  -0.58840,  -0.03120,  -0.47855
  -0.58909,  -0.03160,  -0.47903
  -0.58976,  -0.03201,  -0.47951
  -0.59044,  -0.03242,  -0.47998
  -0.59112,  -0.03284,  -0.48044
  -0.59179,  -0.03326,  -0.48090
  -0.59246,  -0.03369,  -0.48136
  -0.59313,  -0.03412,  -0.48181
  -0.59380,  -0.03456,  -0.48225
  -0.59447,  -0.03501,  -0.48269
  -0.59513,  -0.03546,  -0.48312
  -0.59580,  -0.03591,  -0.48354
  -0.59646,  -0.03637,  -0.48396
  -0.59712,  -0.03684,  -0.48437
  -0.59777,  -0.03731,  -0.48478
  -0.59843,  -0.03779,  -0.48518
  -0.59908,  -0.03827,  -0.48557
  -0.59973,  -0.03876,  -0.48596
  -0.60038,  -0.03925,  -0.48634
  -0.60103,  -0.03975,  -0.48672
  -0.60167,  -0.04025,  -0.48709
  -0.60231,  -0.04076,  -0.48745
  -0.60295,  -0.04128,  -0.48781
  -0.60359,  -0.04179,  -0.48816
  -0.60422,  -0.04232,  -0.48850
  -0.60485,  -0.04284,  -0.48884
  -0.60548,  -0.04338,  -0.48917
  -0.60611,  -0.04391,  -0.48949
  -0.60674,  -0.04446,  -0.48980
  -0.60736,  -0.04500,  -0.49011
  -0.60798,  -0.04555,  -0.49041
  -0.60860,  -0.04611,  -0.49071
  -0.60921,  -0.04667,  -0.49100
  -0.60982,  -0.04724,  -0.49128
  -0.61043,  -0.04781,  -0.49155
  -0.61104,  -0.04838,  -0.49182
  -0.61164,  -0.04896,  -0.49208
  -0.61224,  -0.04954,  -0.49233
  -0.61284,  -0.05013,  -0.49257
  -0.61344,  -0.05072,  -0.49281
  -0.61403,  -0.05131,  -0.49304
  -0.61462,  -0.05191,  -0.49326
  -0.61520,  -0.05251,  -0.49348
  -0.61579,  -0.05312,  -0.49368
  -0.61637,  -0.05373,  -0.49388
  -0.61694,  -0.05435,  -0.49407
  -0.61752,  -0.05497,  -0.49426
  -0.61809,  -0.05559,  -0.49443
  -0.61865,  -0.05621,  -0.49460
  -0.61922,  -0.05684,  -0.49476
  -0.61978,  -0.05748,  -0.49491
  -0.62034,  -0.05811,  -0.49505
  -0.62089,  -0.05875,  -0.49519
  -0.62144,  -0.05940,  -0.49531
  -0.62198,  -0.06005,  -0.49543
  -0.62253,  -0.06070,  -0.49554
  -0.62307,  -0.06135,  -0.49565
  -0.62360,  -0.06201,  -0.49574
  -0.62413,  -0.06267,  -0.49582
  -0.62466,  -0.06333,  -0.49590
  -0.62519,  -0.06400,  -0.49597
  -0.62571,  -0.06467,  -0.49603
  -0.62622,  -0.06534,  -0.49608
  -0.62673,  -0.06601,  -0.49612
  -0.62724,  -0.06669,  -0.49615
  -0.62775,  -0.06737,  -0.49618
  -0.62825,  -0.06805,  -0.49619
  -0.62874,  -0.06874,  -0.49620
  -0.62924,  -0.06943,  -0.49620
  -0.62972,  -0.07012,  -0.49619
  -0.63021,  -0.07081,  -0.49617
  -0.63069,  -0.07150,  -0.49614
  -0.63116,  -0.07220,  -0.49610
  -0.63163,  -0.07290,  -0.49605
  -0.63210,  -0.07360,  -0.49599
  -0.63256,  -0.07431,  -0.49593
  -0.63302,  -0.07501,  -0.49585
  -0.63347,  -0.07572,  -0.49577
  -0.63392,  -0.07643,  -0.49567
  -0.63436,  -0.07714,  -0.49557
  -0.63480,  -0.07785,  -0.49545
  -0.63523,  -0.07857,  -0.49533
  -0.63566,  -0.07928,  -0.49520
  -0.63608,  -0.08000,  -0.49505
  -0.63650,  -0.08072,  -0.49490
  -0.63691,  -0.08144,  -0.49474
  -0.63732,  -0.08216,  -0.49457
  -0.63773,  -0.08289,  -0.49439
  -0.63813,  -0.08361,  -0.49419
  -0.63852,  -0.08433,  -0.49399
  -0.63891,  -0.08506,  -0.49378
  -0.63929,  -0.08579,  -0.49356
  -0.63967,  -0.08652,  -0.49333
  -0.64004,  -0.08725,  -0.49308
  -0.64041,  -0.08798,  -0.49283
  -0.64077,  -0.08871,  -0.49257
  -0.64112,  -0.08944,  -0.49230
  -0.64147,  -0.09017,  -0.49201
  -0.64182,  -0.09090,  -0.49172
  -0.64215,  -0.09163,  -0.49142
  -0.64249,  -0.09237,  -0.49110
  -0.64282,  -0.09310,  -0.49078
  -0.64314,  -0.09383,  -0.49044
  -0.64345,  -0.09457,  -0.49010
  -0.64376,  -0.09530,  -0.48974
  -0.64407,  -0.09603,  -0.48938
  -0.64436,  -0.09677,  -0.48900
  -0.64465,  -0.09750,  -0.48861
  -0.64494,  -0.09823,  -0.48821
  -0.64522,  -0.09896,  -0.48780
  -0.64549,  -0.09970,  -0.48738
  -0.64576,  -0.10043,  -0.48695
  -0.64602,  -0.10116,  -0.48651
  -0.64627,  -0.10189,  -0.48606
  -0.64652,  -0.10262,  -0.48559
  -0.64676,  -0.10335,  -0.48512
  -0.64700,  -0.10408,  -0.48463
  -0.64723,  -0.10480,  -0.48414
  -0.64745,  -0.10553,  -0.48363
  -0.64766,  -0.10625,  -0.48311
  -0.64787,  -0.10698,  -0.48258
  -0.64807,  -0.10770,  -0.48204
  -0.64827,  -0.10842,  -0.48149
  -0.64845,  -0.10914,  -0.48093
  -0.64863,  -0.10986,  -0.48035
  -0.64881,  -0.11058,  -0.47977
  -0.64898,  -0.11129,  -0.47917
  -0.64914,  -0.11201,  -0.47856
  -0.64929,  -0.11272,  -0.47794
  -0.64943,  -0.11343,  -0.47731
  -0.64957,  -0.11414,  -0.47667
  -0.64970,  -0.11484,  -0.47602
  -0.64983,  -0.11555,  -0.47535
  -0.64994,  -0.11625,  -0.47468
  -0.65005,  -0.11695,  -0.47399
  -0.65016,  -0.11765,  -0.47329
  -0.65025,  -0.11834,  -0.47258
  -0.65034,  -0.11904,  -0.47186
  -0.65042,  -0.11973,  -0.47112
  -0.65049,  -0.12042,  -0.47038
  -0.65055,  -0.12110,  -0.46962
  -0.65061,  -0.12178,  -0.46886
  -0.65066,  -0.12246,  -0.46808
  -0.65070,  -0.12314,  -0.46729
  -0.65073,  -0.12381,  -0.46648
  -0.65076,  -0.12449,  -0.46567
  -0.65077,  -0.12515,  -0.46484
  -0.65078,  -0.12582,  -0.46401
  -0.65078,  -0.12648,  -0.46316
  -0.65078,  -0.12714,  -0.46230
  -0.65076,  -0.12779,  -0.46142
  -0.65074,  -0.12845,  -0.46054
  -0.65071,  -0.12909,  -0.45965
  -0.65067,  -0.12974,  -0.45874
  -0.65062,  -0.13038,  -0.45782
  -0.65057,  -0.13102,  -0.45689
  -0.65050,  -0.13165,  -0.45595
  -0.65043,  -0.13228,  -0.45499
  -0.65035,  -0.13290,  -0.45403
  -0.65026,  -0.13353,  -0.45305
  -0.65016,  -0.13414,  -0.45206
  -0.65005,  -0.13476,  -0.45106
  -0.64994,  -0.13537,  -0.45005
  -0.64982,  -0.13597,  -0.44903
  -0.64968,  -0.13657,  -0.44799
  -0.64954,  -0.13717,  -0.44694
  -0.64939,  -0.13776,  -0.44588
  -0.64923,  -0.13834,  -0.44481
  -0.64907,  -0.13893,  -0.44373
  -0.64889,  -0.13950,  -0.44264
  -0.64871,  -0.14008,  -0.44153
  -0.64851,  -0.14064,  -0.44041
  -0.64831,  -0.14121,  -0.43929
  -0.64810,  -0.14177,  -0.43815
  -0.64788,  -0.14232,  -0.43699
  -0.64765,  -0.14287,  -0.43583
  -0.64741,  -0.14341,  -0.43465
  -0.64716,  -0.14395,  -0.43347
  -0.64690,  -0.14448,  -0.43227
  -0.64664,  -0.14500,  -0.43106
  -0.64636,  -0.14552,  -0.42984
  -0.64608,  -0.14604,  -0.42860
  -0.64578,  -0.14655,  -0.42736
  -0.64548,  -0.14705,  -0.42610
  -0.64516,  -0.14755,  -0.42484
  -0.64484,  -0.14805,  -0.42356
  -0.64451,  -0.14853,  -0.42227
  -0.64417,  -0.14901,  -0.42096
  -0.64382,  -0.14949,  -0.41965
  -0.64346,  -0.14996,  -0.41833
  -0.64309,  -0.15042,  -0.41699
  -0.64271,  -0.15088,  -0.41564
  -0.64232,  -0.15133,  -0.41428
  -0.64192,  -0.15177,  -0.41291
  -0.64152,  -0.15221,  -0.41153
  -0.64110,  -0.15264,  -0.41014
  -0.64067,  -0.15306,  -0.40873
  -0.64023,  -0.15348,  -0.40732
  -0.63979,  -0.15389,  -0.40589
  -0.63933,  -0.15430,  -0.40446
  -0.63886,  -0.15470,  -0.40301
  -0.63839,  -0.15509,  -0.40155
  -0.63790,  -0.15547,  -0.40008
  -0.63741,  -0.15585,  -0.39860
  -0.63690,  -0.15622,  -0.39710
  -0.63638,  -0.15658,  -0.39560
  -0.63586,  -0.15694,  -0.39409
  -0.63532,  -0.15729,  -0.39256
  -0.63478,  -0.15763,  -0.39103
  -0.63422,  -0.15797,  -0.38948
  -0.63366,  -0.15829,  -0.38792
  -0.63308,  -0.15861,  -0.38635
  -0.63250,  -0.15893,  -0.38478
  -0.63190,  -0.15923,  -0.38319
  -0.63130,  -0.15953,  -0.38159
  -0.63068,  -0.15982,  -0.37998
  -0.63006,  -0.16010,  -0.37835
  -0.62942,  -0.16038,  -0.37672
  -0.62877,  -0.16064,  -0.37508
  -0.62812,  -0.16090,  -0.37343
  -0.62745,  -0.16115,  -0.37177
  -0.62678,  -0.16140,  -0.37009
  -0.62609,  -0.16163,  -0.36841
  -0.62539,  -0.16186,  -0.36672
  -0.62469,  -0.16208,  -0.36502
  -0.62397,  -0.16229,  -0.36330
  -0.62324,  -0.16250,  -0.36158
  -0.62251,  -0.16269,  -0.35985
  -0.62176,  -0.16288,  -0.35810
  -0.62100,  -0.16306,  -0.35635
  -0.62023,  -0.16323,  -0.35459
  -0.61945,  -0.16339,  -0.35282
  -0.61867,  -0.16354,  -0.35103
  -0.61787,  -0.16369,  -0.34924
  -0.61706,  -0.16382,  -0.34744
  -0.61624,  -0.16395,  -0.34563
  -0.61541,  -0.16407,  -0.34381
  -0.61457,  -0.16418,  -0.34198
  -0.61372,  -0.16428,  -0.34014
  -0.61286,  -0.16438,  -0.33829
  -0.61199,  -0.16446,  -0.33644
  -0.61111,  -0.16454,  -0.33457
  -0.61022,  -0.16461,  -0.33269
  -0.60931,  -0.16466,  -0.33081
  -0.60840,  -0.16471,  -0.32892
  -0.60748,  -0.16475,  -0.32701
  -0.60655,  -0.16478,  -0.32510
  -0.60561,  -0.16481,  -0.32318
  -0.60465,  -0.16482,  -0.32126
  -0.60369,  -0.16482,  -0.31932
  -0.60272,  -0.16482,  -0.31737
  -0.60173,  -0.16480,  -0.31542
  -0.60074,  -0.16478,  -0.31346
  -0.59973,  -0.16475,  -0.31149
  -0.59872,  -0.16470,  -0.30951
  -0.59769,  -0.16465,  -0.30752
  -0.59666,  -0.16459,  -0.30553
  -0.59561,  -0.16452,  -0.30352
  -0.59456,  -0.16444,  -0.30151
  -0.59349,  -0.16435,  -0.29949
  -0.59242,  -0.16426,  -0.29747
  -0.59133,  -0.16415,  -0.29543
  -0.59024,  -0.16403,  -0.29339
  -0.58913,  -0.16390,  -0.29134
  -0.58801,  -0.16377,  -0.28928
  -0.58689,  -0.16362,  -0.28722
  -0.58575,  -0.16346,  -0.28515
  -0.58460,  -0.16330,  -0.28307
  -0.58345,  -0.16312,  -0.28099
  -0.58228,  -0.16294,  -0.27889
  -0.58110,  -0.16274,  -0.27679
  -0.57992,  -0.16254,  -0.27469
  -0.57872,  -0.16233,  -0.27257
  -0.57751,  -0.16210,  -0.27045
  -0.57630,  -0.16187,  -0.26833
  -0.57507,  -0.16162,  -0.26619
  -0.57383,  -0.16137,  -0.26405
  -0.57258,  -0.16111,  -0.26191
  -0.57133,  -0.16083,  -0.25976
  -0.57006,  -0.16055,  -0.25760
  -0.56879,  -0.16026,  -0.25543
  -0.56750,  -0.15995,  -0.25326
  -0.56620,  -0.15964,  -0.25109
  -0.56490,  -0.15932,  -0.24890
  -0.56358,  -0.15899,  -0.24672
  -0.56226,  -0.15864,  -0.24452
  -0.56092,  -0.15829,  -0.24232
  -0.55958,  -0.15793,  -0.24012
  -0.55822,  -0.15755,  -0.23791
  -0.55686,  -0.15717,  -0.23570
  -0.55548,  -0.15678,  -0.23348
  -0.55410,  -0.15637,  -0.23125
  -0.55271,  -0.15596,  -0.22902
  -0.55131,  -0.15553,  -0.22679
  -0.54989,  -0.15510,  -0.22455
  -0.54847,  -0.15466,  -0.22230
  -0.54704,  -0.15420,  -0.22005
  -0.54560,  -0.15374,  -0.21780
  -0.54415,  -0.15326,  -0.21554
  -0.54269,  -0.15278,  -0.21328
  -0.54123,  -0.15228,  -0.21101
  -0.53975,  -0.15178,  -0.20874
  -0.53826,  -0.15126,  -0.20647
  -0.53677,  -0.15074,  -0.20419
  -0.53526,  -0.15020,  -0.20191
  -0.53375,  -0.14966,  -0.19963
  -0.53222,  -0.14910,  -0.19734
  -0.53069,  -0.14854,  -0.19504
  -0.52915,  -0.14796,  -0.19275
  -0.52760,  -0.14737,  -0.19045
  -0.52604,  -0.14678,  -0.18815
  -0.52447,  -0.14617,  -0.18584
  -0.52290,  -0.14555,  -0.18354
  -0.52131,  -0.14493,  -0.18122
  -0.51972,  -0.14429,  -0.17891
  -0.51811,  -0.14364,  -0.17659
  -0.51650,  -0.14298,  -0.17428
  -0.51488,  -0.14231,  -0.17196
  -0.51325,  -0.14164,  -0.16963
  -0.51161,  -0.14095,  -0.16731
  -0.50997,  -0.14025,  -0.16498
  -0.50831,  -0.13954,  -0.16265
  -0.50665,  -0.13882,  -0.16032
  -0.50498,  -0.13809,  -0.15799
  -0.50330,  -0.13735,  -0.15565
  -0.50161,  -0.13661,  -0.15331
  -0.49991,  -0.13585,  -0.15098
  -0.49821,  -0.13508,  -0.14864
  -0.49650,  -0.13430,  -0.14630
  -0.49478,  -0.13351,  -0.14396
  -0.49305,  -0.13271,  -0.14161
  -0.49131,  -0.13190,  -0.13927
  -0.48957,  -0.13108,  -0.13693
  -0.48781,  -0.13025,  -0.13458
  -0.48605,  -0.12941,  -0.13224
  -0.48428,  -0.12856,  -0.12989
  -0.48251,  -0.12770,  -0.12755
  -0.48072,  -0.12683,  -0.12520
  -0.47893,  -0.12595,  -0.12285
  -0.47713,  -0.12507,  -0.12051
  -0.47533,  -0.12417,  -0.11816
  -0.47351,  -0.12326,  -0.11582
  -0.47169,  -0.12234,  -0.11347
  -0.46986,  -0.12141,  -0.11112
  -0.46802,  -0.12047,  -0.10878
  -0.46618,  -0.11952,  -0.10644
  -0.46433,  -0.11857,  -0.10409
  -0.46247,  -0.11760,  -0.10175
  -0.46060,  -0.11662,  -0.09941
  -0.45873,  -0.11564,  -0.09707
  -0.45685,  -0.11464,  -0.09473
  -0.45497,  -0.11363,  -0.09239
  -0.45307,  -0.11262,  -0.09006
  -0.45117,  -0.11159,  -0.08772
  -0.44927,  -0.11056,  -0.08539
  -0.44735,  -0.10951,  -0.08306
  -0.44543,  -0.10846,  -0.08073
  -0.44350,  -0.10739,  -0.07840
  -0.44157,  -0.10632,  -0.07608
  -0.43963,  -0.10524,  -0.07375
  -0.43768,  -0.10415,  -0.07143
  -0.43573,  -0.10305,  -0.06911
  -0.43377,  -0.10194,  -0.06680
  -0.43181,  -0.10082,  -0.06448
  -0.42983,  -0.09969,  -0.06217
  -0.42786,  -0.09855,  -0.05987
  -0.42587,  -0.09740,  -0.05756
  -0.42388,  -0.09625,  -0.05526
  -0.42189,  -0.09508,  -0.05296
  -0.41988,  -0.09391,  -0.05066
  -0.41788,  -0.09272,  -0.04837
  -0.41586,  -0.09153,  -0.04608
  -0.41384,  -0.09033,  -0.04380
  -0.41182,  -0.08912,  -0.04152
  -0.40979,  -0.08790,  -0.03924
  -0.40775,  -0.08667,  -0.03697
  -0.40571,  -0.08543,  -0.03470
  -0.40366,  -0.08419,  -0.03243
  -0.40161,  -0.08293,  -0.03017
  -0.39955,  -0.08167,  -0.02792
  -0.39749,  -0.08040,  -0.02566
  -0.39542,  -0.07912,  -0.02342
  -0.39335,  -0.07783,  -0.02117
  -0.39127,  -0.07653,  -0.01894
  -0.38919,  -0.07523,  -0.01670
  -0.38710,  -0.07391,  -0.01447
  -0.38501,  -0.07259,  -0.01225
  -0.38291,  -0.07126,  -0.01003
  -0.38081,  -0.06992,  -0.00782
  -0.37870,  -0.06857,  -0.00561
  -0.37659,  -0.06721,  -0.00341
  -0.37447,  -0.06585,  -0.00121
  -0.37235,  -0.06448,   0.00098
  -0.37022,  -0.06310,   0.00316
  -0.36810,  -0.06171,   0.00534
  -0.36596,  -0.06031,   0.00751
  -0.36382,  -0.05891,   0.00968
  -0.36168,  -0.05750,   0.01184
  -0.35954,  -0.05608,   0.01400
  -0.35739,  -0.05465,   0.01615
  -0.35523,  -0.05321,   0.01829
  -0.35307,  -0.05177,   0.02042
  -0.35091,  -0.05032,   0.02255
  -0.34875,  -0.04886,   0.02467
  -0.34658,  -0.04740,   0.02679
  -0.34440,  -0.04592,   0.02890
  -0.34223,  -0.04444,   0.03100
  -0.34005,  -0.04295,   0.03309
  -0.33786,  -0.04146,   0.03518
  -0.33568,  -0.03996,   0.03726
  -0.33349,  -0.03845,   0.03933
  -0.33129,  -0.03693,   0.04140
  -0.32910,  -0.03541,   0.04345
  -0.32690,  -0.03388,   0.04550
  -0.32470,  -0.03234,   0.04755
  -0.32249,  -0.03079,   0.04958
  -0.32028,  -0.02924,   0.05161
  -0.31807,  -0.02768,   0.05362
  -0.31586,  -0.02612,   0.05563
  -0.31364,  -0.02455,   0.05764
  -0.31142,  -0.02297,   0.05963
  -0.30920,  -0.02138,   0.06162
  -0.30697,  -0.01979,   0.06359
  -0.30475,  -0.01820,   0.06556
  -0.30252,  -0.01659,   0.06752
  -0.30029,  -0.01498,   0.06947
  -0.29805,  -0.01336,   0.07142
  -0.29582,  -0.01174,   0.07335
  -0.29358,  -0.01011,   0.07528
  -0.29134,  -0.00848,   0.07719
  -0.28910,  -0.00684,   0.07910
  -0.28685,  -0.00519,   0.08100
  -0.28460,  -0.00354,   0.08289
  -0.28236,  -0.00188,   0.08477
  -0.28011,  -0.00022,   0.08664
  -0.27786,   0.00145,   0.08850
  -0.27560,   0.00313,   0.09035
  -0.27335,   0.00481,   0.09219
  -0.27109,   0.00650,   0.09403
  -0.26883,   0.00819,   0.09585
  -0.26658,   0.00989,   0.09766
  -0.26432,   0.01159,   0.09947
  -0.26205,   0.01330,   0.10126
  -0.25979,   0.01501,   0.10304
  -0.25753,   0.01673,   0.10482
  -0.25526,   0.01845,   0.10658
  -0.25300,   0.02018,   0.10834
  -0.25073,   0.02191,   0.11008
