# epsilon_xx, epsilon_yy, epsilon_xy
  -0.00000,   0.00000,   0.00000
  -0.00120,  -0.00013,   0.00148
  -0.00240,  -0.00025,   0.00296
  -0.00360,  -0.00037,   0.00444
  -0.00479,  -0.00050,   0.00591
  -0.00598,  -0.00062,   0.00739
  -0.00716,  -0.00074,   0.00886
  -0.00834,  -0.00086,   0.01033
  -0.00951,  -0.00097,   0.01180
  -0.01068,  -0.00109,   0.01326
  -0.01184,  -0.00121,   0.01473
  -0.01300,  -0.00132,   0.01619
  -0.01416,  -0.00143,   0.01765
  -0.01531,  -0.00154,   0.01911
  -0.01646,  -0.00165,   0.02057
  -0.01760,  -0.00176,   0.02203
  -0.01874,  -0.00187,   0.02348
  -0.01988,  -0.00198,   0.02493
  -0.02101,  -0.00208,   0.02638
  -0.02214,  -0.00219,   0.02783
  -0.02326,  -0.00229,   0.02928
  -0.02438,  -0.00239,   0.03072
  -0.02549,  -0.00249,   0.03216
  -0.02660,  -0.00259,   0.03360
  -0.02771,  -0.00269,   0.03504
  -0.02881,  -0.00279,   0.03648
  -0.02991,  -0.00288,   0.03791
  -0.03100,  -0.00298,   0.03935
  -0.03209,  -0.00307,   0.04078
  -0.03318,  -0.00316,   0.04221
  -0.03426,  -0.00325,   0.04363
  -0.03533,  -0.00334,   0.04506
  -0.03641,  -0.00342,   0.04648
  -0.03748,  -0.00351,   0.04790
  -0.03854,  -0.00359,   0.04932
  -0.03960,  -0.00368,   0.05074
  -0.04066,  -0.00376,   0.05216
  -0.04171,  -0.00384,   0.05357
  -0.04276,  -0.00392,   0.05498
  -0.04381,  -0.00399,   0.05639
  -0.04485,  -0.00407,   0.05780
  -0.04588,  -0.00414,   0.05920
  -0.04692,  -0.00422,   0.06061
  -0.04794,  -0.00429,   0.06201
  -0.04897,  -0.00436,   0.06341
  -0.04999,  -0.00442,   0.06481
  -0.05101,  -0.00449,   0.06620
  -0.05202,  -0.00455,   0.06760
  -0.05303,  -0.00462,   0.06899
  -0.05403,  -0.00468,   0.07038
  -0.05503,  -0.00474,   0.07177
  -0.05603,  -0.00480,   0.07315
  -0.05702,  -0.00486,   0.07454
  -0.05801,  -0.00491,   0.07592
  -0.05900,  -0.00497,   0.07730
  -0.05998,  -0.00502,   0.07867
  -0.06096,  -0.00507,   0.08005
  -0.06193,  -0.00512,   0.08142
  -0.06290,  -0.00517,   0.08280
  -0.06387,  -0.00521,   0.08417
  -0.06483,  -0.00526,   0.08553
  -0.06579,  -0.00530,   0.08690
  -0.06674,  -0.00534,   0.08826
  -0.06769,  -0.00538,   0.08962
  -0.06864,  -0.00542,   0.09098
  -0.06958,  -0.00545,   0.09234
  -0.07052,  -0.00549,   0.09370
  -0.07146,  -0.00552,   0.09505
  -0.07239,  -0.00555,   0.09640
  -0.07332,  -0.00558,   0.09775
  -0.07424,  -0.00561,   0.09910
  -0.07516,  -0.00563,   0.10044
  -0.07608,  -0.00566,   0.10179
  -0.07699,  -0.00568,   0.10313
  -0.07790,  -0.00570,   0.10447
  -0.07880,  -0.00572,   0.10581
  -0.07970,  -0.00573,   0.10714
  -0.08060,  -0.00575,   0.10848
  -0.08149,  -0.00576,   0.10981
  -0.08238,  -0.00577,   0.11114
  -0.08327,  -0.00578,   0.11246
  -0.08415,  -0.00579,   0.11379
  -0.08503,  -0.00580,   0.11511
  -0.08591,  -0.00580,   0.11643
  -0.08678,  -0.00580,   0.11775
  -0.08765,  -0.00581,   0.11907
  -0.08851,  -0.00580,   0.12038
  -0.08937,  -0.00580,   0.12170
  -0.09023,  -0.00580,   0.12301
  -0.09108,  -0.00579,   0.12432
  -0.09193,  -0.00578,   0.12563
  -0.09278,  -0.00577,   0.12693
  -0.09362,  -0.00576,   0.12823
  -0.09446,  -0.00575,   0.12953
  -0.09529,  -0.00573,   0.13083
  -0.09613,  -0.00571,   0.13213
  -0.09695,  -0.00569,   0.13343
  -0.09778,  -0.00567,   0.13472
  -0.09860,  -0.00565,   0.13601
  -0.09941,  -0.00562,   0.13730
  -0.10023,  -0.00560,   0.13859
  -0.10104,  -0.00557,   0.13987
  -0.10184,  -0.00554,   0.14115
  -0.10265,  -0.00551,   0.14244
  -0.10345,  -0.00547,   0.14371
  -0.10424,  -0.00543,   0.14499
  -0.10503,  -0.00540,   0.14627
  -0.10582,  -0.00536,   0.14754
  -0.10661,  -0.00531,   0.14881
  -0.10739,  -0.00527,   0.15008
  -0.10816,  -0.00522,   0.15135
  -0.10894,  -0.00518,   0.15261
  -0.10971,  -0.00513,   0.15388
  -0.11047,  -0.00507,   0.15514
  -0.11124,  -0.00502,   0.15640
  -0.11200,  -0.00497,   0.15765
  -0.11275,  -0.00491,   0.15891
  -0.11351,  -0.00485,   0.16016
  -0.11426,  -0.00479,   0.16141
  -0.11500,  -0.00472,   0.16266
  -0.11574,  -0.00466,   0.16391
  -0.11648,  -0.00459,   0.16516
  -0.11722,  -0.00452,   0.16640
  -0.11795,  -0.00445,   0.16764
  -0.11868,  -0.00438,   0.16888
  -0.11940,  -0.00430,   0.17012
  -0.12012,  -0.00423,   0.17135
  -0.12084,  -0.00415,   0.17259
  -0.12155,  -0.00407,   0.17382
  -0.12226,  -0.00398,   0.17505
  -0.12297,  -0.00390,   0.17628
  -0.12367,  -0.00381,   0.17750
  -0.12437,  -0.00372,   0.17873
  -0.12507,  -0.00363,   0.17995
  -0.12576,  -0.00354,   0.18117
  -0.12645,  -0.00345,   0.18239
  -0.12714,  -0.00335,   0.18360
  -0.12782,  -0.00325,   0.18482
  -0.12850,  -0.00315,   0.18603
  -0.12918,  -0.00305,   0.18724
  -0.12985,  -0.00294,   0.18845
  -0.13052,  -0.00284,   0.18966
  -0.13118,  -0.00273,   0.19086
  -0.13184,  -0.00262,   0.19206
  -0.13250,  -0.00251,   0.19326
  -0.13316,  -0.00239,   0.19446
  -0.13381,  -0.00228,   0.19566
  -0.13446,  -0.00216,   0.19686
  -0.13510,  -0.00204,   0.19805
  -0.13574,  -0.00192,   0.19924
  -0.13638,  -0.00179,   0.20043
  -0.13701,  -0.00167,   0.20162
  -0.13764,  -0.00154,   0.20280
  -0.13827,  -0.00141,   0.20398
  -0.13889,  -0.00128,   0.20517
  -0.13951,  -0.00114,   0.20635
  -0.14013,  -0.00101,   0.20752
  -0.14074,  -0.00087,   0.20870
  -0.14135,  -0.00073,   0.20987
  -0.14196,  -0.00059,   0.21105
  -0.14256,  -0.00045,   0.21222
  -0.14316,  -0.00030,   0.21338
  -0.14375,  -0.00016,   0.21455
  -0.14434,  -0.00001,   0.21572
  -0.14493,   0.00014,   0.21688
  -0.14552,   0.00030,   0.21804
  -0.14610,   0.00045,   0.21920
  -0.14668,   0.00061,   0.22035
  -0.14725,   0.00077,   0.22151
  -0.14782,   0.00093,   0.22266
  -0.14839,   0.00109,   0.22381
  -0.14895,   0.00125,   0.22496
  -0.14951,   0.00142,   0.22611
  -0.15007,   0.00159,   0.22725
  -0.15062,   0.00176,   0.22840
  -0.15117,   0.00193,   0.22954
  -0.15172,   0.00210,   0.23068
  -0.15226,   0.00228,   0.23182
  -0.15280,   0.00245,   0.23295
  -0.15334,   0.00263,   0.23409
  -0.15387,   0.00281,   0.23522
  -0.15440,   0.00299,   0.23635
  -0.15492,   0.00318,   0.23748
  -0.15545,   0.00337,   0.23861
  -0.15596,   0.00355,   0.23973
  -0.15648,   0.00374,   0.24085
  -0.15699,   0.00394,   0.24197
  -0.15750,   0.00413,   0.24309
  -0.15800,   0.00432,   0.24421
  -0.15850,   0.00452,   0.24532
  -0.15900,   0.00472,   0.24644
  -0.15949,   0.00492,   0.24755
  -0.15998,   0.00512,   0.24866
  -0.16047,   0.00533,   0.24977
  -0.16095,   0.00553,   0.25087
  -0.16143,   0.00574,   0.25197
  -0.16190,   0.00595,   0.25308
  -0.16237,   0.00616,   0.25418
  -0.16284,   0.00638,   0.25527
  -0.16331,   0.00659,   0.25637
  -0.16377,   0.00681,   0.25746
  -0.16422,   0.00702,   0.25856
  -0.16468,   0.00724,   0.25965
  -0.16513,   0.00747,   0.26073
  -0.16557,   0.00769,   0.26182
  -0.16602,   0.00791,   0.26291
  -0.16646,   0.00814,   0.26399
  -0.16689,   0.00837,   0.26507
  -0.16732,   0.00860,   0.26615
  -0.16775,   0.00883,   0.26722
  -0.16818,   0.00906,   0.26830
  -0.16860,   0.00930,   0.26937
  -0.16901,   0.00954,   0.27044
  -0.16943,   0.00977,   0.27151
  -0.16984,   0.01001,   0.27258
  -0.17024,   0.01026,   0.27364
  -0.17065,   0.01050,   0.27471
  -0.17105,   0.01074,   0.27577
  -0.17144,   0.01099,   0.27683
  -0.17183,   0.01124,   0.27788
  -0.17222,   0.01149,   0.27894
  -0.17260,   0.01174,   0.27999
  -0.17298,   0.01199,   0.28104
  -0.17336,   0.01224,   0.28209
  -0.17373,   0.01250,   0.28314
  -0.17410,   0.01276,   0.28418
  -0.17447,   0.01301,   0.28523
  -0.17483,   0.01327,   0.28627
  -0.17518,   0.01354,   0.28731
  -0.17554,   0.01380,   0.28835
  -0.17589,   0.01406,   0.28938
  -0.17623,   0.01433,   0.29041
  -0.17658,   0.01460,   0.29145
  -0.17691,   0.01487,   0.29247
  -0.17725,   0.01514,   0.29350
  -0.17758,   0.01541,   0.29453
  -0.17791,   0.01568,   0.29555
  -0.17823,   0.01596,   0.29657
  -0.17855,   0.01623,   0.29759
  -0.17886,   0.01651,   0.29861
  -0.17918,   0.01679,   0.29962
  -0.17948,   0.01707,   0.30064
  -0.17979,   0.01735,   0.30165
  -0.18009,   0.01763,   0.30265
  -0.18038,   0.01792,   0.30366
  -0.18068,   0.01820,   0.30467
  -0.18096,   0.01849,   0.30567
  -0.18125,   0.01878,   0.30667
  -0.18153,   0.01907,   0.30767
  -0.18180,   0.01936,   0.30866
  -0.18208,   0.01965,   0.30966
  -0.18235,   0.01994,   0.31065
  -0.18261,   0.02024,   0.31164
  -0.18287,   0.02053,   0.31263
  -0.18313,   0.02083,   0.31361
  -0.18338,   0.02113,   0.31459
  -0.18363,   0.02143,   0.31558
  -0.18387,   0.02173,   0.31655
  -0.18411,   0.02203,   0.31753
  -0.18435,   0.02233,   0.31851
  -0.18458,   0.02264,   0.31948
  -0.18481,   0.02294,   0.32045
  -0.18503,   0.02325,   0.32142
  -0.18525,   0.02356,   0.32238
  -0.18547,   0.02386,   0.32335
  -0.18568,   0.02417,   0.32431
  -0.18589,   0.02449,   0.32527
  -0.18609,   0.02480,   0.32622
  -0.18629,   0.02511,   0.32718
  -0.18649,   0.02542,   0.32813
  -0.18668,   0.02574,   0.32908
  -0.18687,   0.02606,   0.33003
  -0.18705,   0.02637,   0.33097
  -0.18723,   0.02669,   0.33192
  -0.18740,   0.02701,   0.33286
  -0.18758,   0.02733,   0.33380
  -0.18774,   0.02765,   0.33473
  -0.18790,   0.02798,   0.33567
  -0.18806,   0.02830,   0.33660
  -0.18822,   0.02862,   0.33753
  -0.18837,   0.02895,   0.33845
  -0.18851,   0.02927,   0.33938
  -0.18865,   0.02960,   0.34030
  -0.18879,   0.02993,   0.34122
  -0.18892,   0.03026,   0.34214
  -0.18905,   0.03059,   0.34305
  -0.18917,   0.03092,   0.34396
  -0.18929,   0.03125,   0.34487
  -0.18941,   0.03158,   0.34578
  -0.18952,   0.03192,   0.34669
  -0.18963,   0.03225,   0.34759
  -0.18973,   0.03258,   0.34849
  -0.18983,   0.03292,   0.34939
  -0.18992,   0.03326,   0.35028
  -0.19001,   0.03359,   0.35118
  -0.19009,   0.03393,   0.35207
  -0.19017,   0.03427,   0.35295
  -0.19025,   0.03461,   0.35384
  -0.19032,   0.03495,   0.35472
  -0.19039,   0.03529,   0.35560
  -0.19045,   0.03563,   0.35648
  -0.19051,   0.03597,   0.35735
  -0.19056,   0.03632,   0.35823
  -0.19061,   0.03666,   0.35910
  -0.19066,   0.03700,   0.35996
  -0.19070,   0.03735,   0.36083
  -0.19073,   0.03769,   0.36169
  -0.19077,   0.03804,   0.36255
  -0.19079,   0.03839,   0.36341
  -0.19082,   0.03874,   0.36426
  -0.19083,   0.03908,   0.36511
  -0.19085,   0.03943,   0.36596
  -0.19086,   0.03978,   0.36680
  -0.19086,   0.04013,   0.36765
  -0.19086,   0.04048,   0.36849
  -0.19086,   0.04083,   0.36932
  -0.19085,   0.04118,   0.37016
  -0.19083,   0.04153,   0.37099
  -0.19081,   0.04189,   0.37182
  -0.19079,   0.04224,   0.37265
  -0.19076,   0.04259,   0.37347
  -0.19073,   0.04294,   0.37429
  -0.19069,   0.04330,   0.37511
  -0.19065,   0.04365,   0.37592
  -0.19061,   0.04401,   0.37674
  -0.19055,   0.04436,   0.37755
  -0.19050,   0.04472,   0.37835
  -0.19044,   0.04507,   0.37915
  -0.19037,   0.04543,   0.37996
  -0.19030,   0.04579,   0.38075
  -0.19023,   0.04614,   0.38155
  -0.19015,   0.04650,   0.38234
  -0.19007,   0.04686,   0.38313
  -0.18998,   0.04722,   0.38391
  -0.18988,   0.04758,   0.38470
  -0.18979,   0.04793,   0.38548
  -0.18968,   0.04829,   0.38625
  -0.18957,   0.04865,   0.38703
  -0.18946,   0.04901,   0.38780
  -0.18935,   0.04937,   0.38856
  -0.18922,   0.04973,   0.38933
  -0.18910,   0.05009,   0.39009
  -0.18897,   0.05045,   0.39085
  -0.18883,   0.05081,   0.39160
  -0.18869,   0.05117,   0.39235
  -0.18854,   0.05153,   0.39310
  -0.18839,   0.05189,   0.39385
  -0.18823,   0.05225,   0.39459
  -0.18807,   0.05261,   0.39533
  -0.18791,   0.05297,   0.39606
  -0.18774,   0.05334,   0.39680
  -0.18756,   0.05370,   0.39752
  -0.18738,   0.05406,   0.39825
  -0.18720,   0.05442,   0.39897
  -0.18701,   0.05478,   0.39969
  -0.18681,   0.05514,   0.40041
  -0.18661,   0.05550,   0.40112
  -0.18641,   0.05587,   0.40183
  -0.18620,   0.05623,   0.40254
  -0.18599,   0.05659,   0.40324
  -0.18577,   0.05695,   0.40394
  -0.18554,   0.05731,   0.40463
  -0.18531,   0.05767,   0.40532
  -0.18508,   0.05803,   0.40601
  -0.18484,   0.05840,   0.40670
  -0.18460,   0.05876,   0.40738
  -0.18435,   0.05912,   0.40806
  -0.18410,   0.05948,   0.40873
  -0.18384,   0.05984,   0.40940
  -0.18357,   0.06020,   0.41007
  -0.18330,   0.06056,   0.41074
  -0.18303,   0.06092,   0.41140
  -0.18275,   0.06128,   0.41205
  -0.18247,   0.06164,   0.41271
  -0.18218,   0.06200,   0.41336
  -0.18189,   0.06236,   0.41400
  -0.18159,   0.06272,   0.41465
  -0.18129,   0.06308,   0.41528
  -0.18098,   0.06344,   0.41592
  -0.18066,   0.06380,   0.41655
  -0.18034,   0.06416,   0.41718
  -0.18002,   0.06452,   0.41780
  -0.17969,   0.06487,   0.41842
  -0.17936,   0.06523,   0.41904
  -0.17902,   0.06559,   0.41965
  -0.17868,   0.06595,   0.42026
  -0.17833,   0.06630,   0.42086
  -0.17798,   0.06666,   0.42147
  -0.17762,   0.06701,   0.42206
  -0.17725,   0.06737,   0.42266
  -0.17689,   0.06773,   0.42324
  -0.17651,   0.06808,   0.42383
  -0.17614,   0.06844,   0.42441
  -0.17575,   0.06879,   0.42499
  -0.17536,   0.06914,   0.42556
  -0.17497,   0.06950,   0.42613
  -0.17457,   0.06985,   0.42670
  -0.17417,   0.07020,   0.42726
  -0.17376,   0.07056,   0.42782
  -0.17335,   0.07091,   0.42837
  -0.17293,   0.07126,   0.42892
  -0.17251,   0.07161,   0.42947
  -0.17208,   0.07196,   0.43001
  -0.17164,   0.07231,   0.43054
  -0.17121,   0.07266,   0.43108
  -0.17076,   0.07301,   0.43161
  -0.17032,   0.07335,   0.43213
  -0.16986,   0.07370,   0.43265
  -0.16941,   0.07405,   0.43317
  -0.16894,   0.07440,   0.43368
  -0.16847,   0.07474,   0.43419
  -0.16800,   0.07509,   0.43469
  -0.16752,   0.07543,   0.43519
  -0.16704,   0.07577,   0.43568
  -0.16655,   0.07612,   0.43617
  -0.16606,   0.07646,   0.43666
  -0.16556,   0.07680,   0.43714
  -0.16506,   0.07714,   0.43762
  -0.16456,   0.07749,   0.43809
  -0.16404,   0.07783,   0.43856
  -0.16353,   0.07817,   0.43903
  -0.16301,   0.07850,   0.43949
  -0.16248,   0.07884,   0.43994
  -0.16195,   0.07918,   0.44039
  -0.16141,   0.07952,   0.44084
  -0.16087,   0.07985,   0.44128
  -0.16032,   0.08019,   0.44172
  -0.15977,   0.08052,   0.44215
  -0.15922,   0.08085,   0.44258
  -0.15866,   0.08119,   0.44301
  -0.15809,   0.08152,   0.44343
  -0.15752,   0.08185,   0.44384
  -0.15695,   0.08218,   0.44425
  -0.15637,   0.08251,   0.44466
  -0.15579,   0.08284,   0.44506
  -0.15520,   0.08317,   0.44545
  -0.15460,   0.08350,   0.44585
  -0.15401,   0.08382,   0.44623
  -0.15340,   0.08415,   0.44662
  -0.15280,   0.08447,   0.44699
  -0.15218,   0.08480,   0.44737
  -0.15157,   0.08512,   0.44773
  -0.15095,   0.08544,   0.44810
  -0.15032,   0.08576,   0.44846
  -0.14969,   0.08608,   0.44881
  -0.14906,   0.08640,   0.44916
  -0.14842,   0.08672,   0.44950
  -0.14777,   0.08704,   0.44984
  -0.14712,   0.08735,   0.45018
  -0.14647,   0.08767,   0.45051
  -0.14581,   0.08798,   0.45083
  -0.14515,   0.08829,   0.45115
  -0.14449,   0.08861,   0.45146
  -0.14381,   0.08892,   0.45177
  -0.14314,   0.08923,   0.45208
  -0.14246,   0.08954,   0.45238
  -0.14178,   0.08985,   0.45267
  -0.14109,   0.09015,   0.45296
  -0.14040,   0.09046,   0.45325
  -0.13970,   0.09077,   0.45353
  -0.13900,   0.09107,   0.45380
  -0.13829,   0.09137,   0.45407
  -0.13758,   0.09167,   0.45434
  -0.13687,   0.09198,   0.45460
  -0.13615,   0.09228,   0.45485
  -0.13543,   0.09257,   0.45510
  -0.13470,   0.09287,   0.45534
  -0.13397,   0.09317,   0.45558
  -0.13324,   0.09346,   0.45582
  -0.13250,   0.09376,   0.45604
  -0.13176,   0.09405,   0.45627
  -0.13101,   0.09434,   0.45649
  -0.13026,   0.09463,   0.45670
  -0.12951,   0.09492,   0.45691
  -0.12875,   0.09521,   0.45711
  -0.12799,   0.09550,   0.45731
  -0.12722,   0.09578,   0.45750
  -0.12645,   0.09607,   0.45768
  -0.12568,   0.09635,   0.45787
  -0.12490,   0.09663,   0.45804
  -0.12412,   0.09691,   0.45821
  -0.12334,   0.09719,   0.45838
  -0.12255,   0.09747,   0.45854
  -0.12176,   0.09775,   0.45869
  -0.12096,   0.09802,   0.45884
  -0.12016,   0.09830,   0.45898
  -0.11936,   0.09857,   0.45912
  -0.11855,   0.09884,   0.45925
  -0.11774,   0.09912,   0.45938
  -0.11693,   0.09938,   0.45950
  -0.11612,   0.09965,   0.45962
  -0.11530,   0.09992,   0.45973
  -0.11447,   0.10018,   0.45984
  -0.11365,   0.10045,   0.45994
  -0.11282,   0.10071,   0.46003
  -0.11198,   0.10097,   0.46012
  -0.11115,   0.10123,   0.46020
  -0.11031,   0.10149,   0.46028
  -0.10947,   0.10175,   0.46035
  -0.10862,   0.10200,   0.46042
  -0.10777,   0.10226,   0.46048
  -0.10692,   0.10251,   0.46054
  -0.10607,   0.10276,   0.46059
  -0.10521,   0.10301,   0.46063
  -0.10435,   0.10326,   0.46067
  -0.10349,   0.10351,   0.46070
  -0.10262,   0.10375,   0.46073
  -0.10175,   0.10400,   0.46075
  -0.10088,   0.10424,   0.46077
  -0.10001,   0.10448,   0.46078
  -0.09913,   0.10472,   0.46078
  -0.09825,   0.10496,   0.46078
  -0.09737,   0.10520,   0.46077
  -0.09649,   0.10543,   0.46076
  -0.09560,   0.10566,   0.46074
  -0.09471,   0.10590,   0.46072
  -0.09382,   0.10613,   0.46069
  -0.09293,   0.10636,   0.46065
  -0.09204,   0.10658,   0.46061
  -0.09114,   0.10681,   0.46056
  -0.09024,   0.10703,   0.46051
  -0.08934,   0.10726,   0.46045
  -0.08843,   0.10748,   0.46038
  -0.08753,   0.10770,   0.46031
  -0.08662,   0.10791,   0.46024
  -0.08571,   0.10813,   0.46016
  -0.08480,   0.10835,   0.46007
  -0.08388,   0.10856,   0.45997
  -0.08297,   0.10877,   0.45987
  -0.08205,   0.10898,   0.45977
  -0.08113,   0.10919,   0.45966
  -0.08021,   0.10939,   0.45954
  -0.07929,   0.10960,   0.45942
  -0.07837,   0.10980,   0.45929
  -0.07745,   0.11000,   0.45915
  -0.07652,   0.11020,   0.45901
  -0.07559,   0.11040,   0.45886
  -0.07466,   0.11060,   0.45871
  -0.07374,   0.11079,   0.45855
  -0.07280,   0.11098,   0.45839
  -0.07187,   0.11118,   0.45822
  -0.07094,   0.11136,   0.45804
  -0.07001,   0.11155,   0.45786
  -0.06907,   0.11174,   0.45767
  -0.06814,   0.11192,   0.45748
  -0.06720,   0.11210,   0.45728
  -0.06626,   0.11229,   0.45707
  -0.06533,   0.11246,   0.45686
  -0.06439,   0.11264,   0.45664
  -0.06345,   0.11282,   0.45642
  -0.06251,   0.11299,   0.45619
  -0.06157,   0.11316,   0.45595
  -0.06063,   0.11333,   0.45571
  -0.05969,   0.11350,   0.45546
  -0.05875,   0.11366,   0.45520
  -0.05781,   0.11383,   0.45494
  -0.05687,   0.11399,   0.45468
  -0.05593,   0.11415,   0.45441
  -0.05499,   0.11431,   0.45413
  -0.05405,   0.11447,   0.45384
  -0.05311,   0.11462,   0.45355
  -0.05217,   0.11477,   0.45326
  -0.05123,   0.11492,   0.45296
  -0.05029,   0.11507,   0.45265
  -0.04935,   0.11522,   0.45233
  -0.04841,   0.11536,   0.45201
  -0.04747,   0.11551,   0.45169
  -0.04654,   0.11565,   0.45135
  -0.04560,   0.11579,   0.45102
  -0.04466,   0.11593,   0.45067
  -0.04373,   0.11606,   0.45032
  -0.04279,   0.11619,   0.44997
  -0.04186,   0.11632,   0.44960
  -0.04093,   0.11645,   0.44923
  -0.04000,   0.11658,   0.44886
  -0.03907,   0.11671,   0.44848
  -0.03814,   0.11683,   0.44809
  -0.03721,   0.11695,   0.44770
  -0.03629,   0.11707,   0.44730
  -0.03536,   0.11719,   0.44690
  -0.03444,   0.11730,   0.44649
  -0.03352,   0.11741,   0.44607
  -0.03260,   0.11753,   0.44565
  -0.03168,   0.11763,   0.44522
  -0.03077,   0.11774,   0.44479
  -0.02985,   0.11784,   0.44434
  -0.02894,   0.11795,   0.44390
  -0.02803,   0.11805,   0.44345
  -0.02712,   0.11815,   0.44299
  -0.02622,   0.11824,   0.44252
  -0.02531,   0.11834,   0.44205
  -0.02441,   0.11843,   0.44158
  -0.02352,   0.11852,   0.44109
  -0.02262,   0.11860,   0.44061
  -0.02173,   0.11869,   0.44011
  -0.02084,   0.11877,   0.43961
  -0.01995,   0.11885,   0.43910
  -0.01906,   0.11893,   0.43859
  -0.01818,   0.11901,   0.43807
  -0.01730,   0.11908,   0.43755
  -0.01643,   0.11915,   0.43702
  -0.01556,   0.11922,   0.43649
  -0.01469,   0.11929,   0.43594
  -0.01382,   0.11936,   0.43540
  -0.01296,   0.11942,   0.43484
  -0.01210,   0.11948,   0.43428
  -0.01124,   0.11954,   0.43372
  -0.01039,   0.11959,   0.43315
  -0.00954,   0.11965,   0.43257
  -0.00870,   0.11970,   0.43199
  -0.00786,   0.11975,   0.43140
  -0.00702,   0.11979,   0.43080
  -0.00619,   0.11984,   0.43020
  -0.00536,   0.11988,   0.42960
  -0.00454,   0.11992,   0.42898
  -0.00372,   0.11996,   0.42837
  -0.00290,   0.11999,   0.42774
  -0.00209,   0.12002,   0.42711
  -0.00129,   0.12005,   0.42648
  -0.00048,   0.12008,   0.42584
   0.00031,   0.12011,   0.42519
   0.00110,   0.12013,   0.42454
   0.00189,   0.12015,   0.42388
   0.00267,   0.12017,   0.42322
   0.00345,   0.12018,   0.42255
   0.00422,   0.12020,   0.42187
   0.00499,   0.12021,   0.42119
   0.00575,   0.12021,   0.42050
   0.00651,   0.12022,   0.41981
   0.00726,   0.12022,   0.41911
   0.00800,   0.12022,   0.41841
   0.00874,   0.12022,   0.41770
   0.00948,   0.12022,   0.41699
   0.01020,   0.12021,   0.41627
   0.01093,   0.12020,   0.41554
   0.01164,   0.12019,   0.41481
   0.01235,   0.12017,   0.41407
   0.01306,   0.12016,   0.41333
   0.01375,   0.12014,   0.41258
   0.01444,   0.12011,   0.41183
   0.01513,   0.12009,   0.41107
   0.01581,   0.12006,   0.41031
   0.01648,   0.12003,   0.40954
   0.01714,   0.12000,   0.40876
   0.01780,   0.11996,   0.40798
   0.01845,   0.11992,   0.40719
   0.01910,   0.11988,   0.40640
   0.01974,   0.11984,   0.40560
   0.02037,   0.11979,   0.40480
   0.02099,   0.11974,   0.40399
   0.02161,   0.11969,   0.40318
   0.02221,   0.11964,   0.40236
   0.02281,   0.11958,   0.40154
   0.02341,   0.11952,   0.40071
   0.02399,   0.11946,   0.39988
   0.02457,   0.11939,   0.39904
   0.02514,   0.11932,   0.39819
   0.02570,   0.11925,   0.39734
   0.02626,   0.11918,   0.39649
   0.02681,   0.11910,   0.39563
   0.02734,   0.11902,   0.39476
   0.02787,   0.11894,   0.39389
   0.02840,   0.11885,   0.39302
   0.02891,   0.11876,   0.39214
   0.02941,   0.11867,   0.39125
   0.02991,   0.11858,   0.39036
   0.03040,   0.11848,   0.38947
   0.03088,   0.11838,   0.38857
   0.03135,   0.11828,   0.38766
   0.03181,   0.11818,   0.38675
   0.03226,   0.11807,   0.38584
   0.03270,   0.11796,   0.38492
   0.03314,   0.11784,   0.38399
   0.03356,   0.11772,   0.38306
   0.03398,   0.11760,   0.38213
   0.03438,   0.11748,   0.38119
   0.03478,   0.11736,   0.38025
   0.03517,   0.11723,   0.37930
   0.03554,   0.11709,   0.37834
   0.03591,   0.11696,   0.37739
   0.03627,   0.11682,   0.37642
   0.03662,   0.11668,   0.37546
   0.03696,   0.11654,   0.37448
   0.03728,   0.11639,   0.37351
   0.03760,   0.11624,   0.37253
   0.03791,   0.11608,   0.37154
   0.03821,   0.11593,   0.37055
   0.03849,   0.11577,   0.36956
   0.03877,   0.11561,   0.36856
   0.03903,   0.11544,   0.36755
   0.03929,   0.11527,   0.36654
   0.03953,   0.11510,   0.36553
   0.03977,   0.11492,   0.36452
   0.03999,   0.11474,   0.36349
   0.04020,   0.11456,   0.36247
   0.04040,   0.11438,   0.36144
   0.04059,   0.11419,   0.36041
   0.04077,   0.11400,   0.35937
   0.04094,   0.11380,   0.35833
   0.04109,   0.11360,   0.35728
   0.04124,   0.11340,   0.35623
   0.04137,   0.11320,   0.35517
   0.04149,   0.11299,   0.35412
   0.04160,   0.11278,   0.35305
   0.04170,   0.11256,   0.35199
   0.04178,   0.11235,   0.35091
   0.04186,   0.11213,   0.34984
   0.04192,   0.11190,   0.34876
   0.04197,   0.11167,   0.34768
   0.04201,   0.11144,   0.34659
   0.04203,   0.11121,   0.34550
   0.04204,   0.11097,   0.34441
   0.04205,   0.11073,   0.34331
   0.04203,   0.11048,   0.34221
   0.04201,   0.11024,   0.34110
   0.04197,   0.10998,   0.34000
   0.04193,   0.10973,   0.33888
   0.04186,   0.10947,   0.33777
   0.04179,   0.10921,   0.33665
   0.04170,   0.10894,   0.33552
   0.04160,   0.10867,   0.33440
   0.04149,   0.10840,   0.33327
   0.04136,   0.10812,   0.33213
   0.04122,   0.10784,   0.33100
   0.04107,   0.10756,   0.32986
   0.04091,   0.10727,   0.32871
   0.04073,   0.10698,   0.32757
   0.04053,   0.10669,   0.32642
   0.04033,   0.10639,   0.32526
   0.04011,   0.10609,   0.32411
   0.03988,   0.10579,   0.32295
   0.03963,   0.10548,   0.32178
   0.03937,   0.10517,   0.32062
   0.03910,   0.10485,   0.31945
   0.03881,   0.10453,   0.31828
   0.03851,   0.10421,   0.31710
   0.03819,   0.10388,   0.31592
   0.03786,   0.10355,   0.31474
   0.03752,   0.10322,   0.31356
   0.03716,   0.10288,   0.31237
   0.03679,   0.10254,   0.31118
   0.03640,   0.10219,   0.30999
   0.03600,   0.10184,   0.30880
   0.03559,   0.10149,   0.30760
   0.03516,   0.10113,   0.30640
   0.03472,   0.10077,   0.30520
   0.03426,   0.10041,   0.30399
   0.03379,   0.10004,   0.30278
   0.03330,   0.09967,   0.30157
   0.03280,   0.09929,   0.30036
   0.03228,   0.09891,   0.29915
   0.03175,   0.09853,   0.29793
   0.03120,   0.09814,   0.29671
   0.03064,   0.09775,   0.29549
   0.03007,   0.09735,   0.29426
   0.02948,   0.09695,   0.29303
   0.02887,   0.09655,   0.29181
   0.02825,   0.09614,   0.29057
   0.02761,   0.09573,   0.28934
   0.02696,   0.09531,   0.28811
   0.02630,   0.09489,   0.28687
   0.02561,   0.09447,   0.28563
   0.02492,   0.09404,   0.28439
   0.02421,   0.09361,   0.28314
   0.02348,   0.09318,   0.28190
   0.02273,   0.09274,   0.28065
   0.02198,   0.09229,   0.27940
   0.02120,   0.09184,   0.27815
   0.02041,   0.09139,   0.27690
   0.01961,   0.09094,   0.27565
   0.01879,   0.09048,   0.27439
   0.01795,   0.09001,   0.27313
   0.01710,   0.08954,   0.27187
   0.01623,   0.08907,   0.27061
   0.01535,   0.08859,   0.26935
   0.01445,   0.08811,   0.26809
   0.01354,   0.08763,   0.26682
   0.01260,   0.08714,   0.26556
   0.01166,   0.08665,   0.26429
   0.01070,   0.08615,   0.26302
   0.00972,   0.08565,   0.26175
   0.00872,   0.08514,   0.26048
   0.00771,   0.08463,   0.25921
   0.00669,   0.08411,   0.25794
   0.00564,   0.08360,   0.25666
   0.00459,   0.08307,   0.25539
   0.00351,   0.08254,   0.25411
   0.00242,   0.08201,   0.25283
   0.00131,   0.08148,   0.25156
   0.00019,   0.08094,   0.25028
  -0.00095,   0.08039,   0.24900
  -0.00210,   0.07984,   0.24772
  -0.00327,   0.07929,   0.24644
  -0.00446,   0.07873,   0.24515
  -0.00566,   0.07817,   0.24387
  -0.00688,   0.07760,   0.24259
  -0.00812,   0.07703,   0.24131
  -0.00937,   0.07645,   0.24002
  -0.01064,   0.07587,   0.23874
  -0.01193,   0.07529,   0.23745
  -0.01323,   0.07470,   0.23617
  -0.01455,   0.07410,   0.23488
  -0.01588,   0.07351,   0.23360
  -0.01723,   0.07290,   0.23231
  -0.01860,   0.07230,   0.23102
  -0.01998,   0.07168,   0.22974
  -0.02138,   0.07107,   0.22845
  -0.02280,   0.07045,   0.22716
  -0.02423,   0.06982,   0.22588
  -0.02568,   0.06919,   0.22459
  -0.02714,   0.06856,   0.22330
  -0.02862,   0.06792,   0.22201
  -0.03012,   0.06728,   0.22073
  -0.03164,   0.06663,   0.21944
  -0.03317,   0.06597,   0.21816
  -0.03471,   0.06532,   0.21687
  -0.03628,   0.06465,   0.21558
  -0.03786,   0.06399,   0.21430
  -0.03945,   0.06332,   0.21301
  -0.04106,   0.06264,   0.21173
  -0.04269,   0.06196,   0.21045
  -0.04434,   0.06127,   0.20916
  -0.04600,   0.06058,   0.20788
  -0.04768,   0.05989,   0.20660
  -0.04937,   0.05919,   0.20532
  -0.05108,   0.05849,   0.20404
  -0.05281,   0.05778,   0.20275
  -0.05455,   0.05706,   0.20148
  -0.05631,   0.05634,   0.20020
  -0.05808,   0.05562,   0.19892
  -0.05988,   0.05489,   0.19764
  -0.06168,   0.05416,   0.19637
  -0.06351,   0.05342,   0.19509
  -0.06535,   0.05268,   0.19382
  -0.06720,   0.05193,   0.19255
  -0.06908,   0.05118,   0.19127
  -0.07096,   0.05042,   0.19000
  -0.07287,   0.04966,   0.18874
  -0.07479,   0.04890,   0.18747
  -0.07673,   0.04813,   0.18620
  -0.07868,   0.04735,   0.18494
  -0.08065,   0.04657,   0.18367
  -0.08263,   0.04578,   0.18241
  -0.08463,   0.04499,   0.18115
  -0.08665,   0.04420,   0.17989
  -0.08868,   0.04340,   0.17863
  -0.09073,   0.04259,   0.17738
  -0.09279,   0.04178,   0.17612
  -0.09487,   0.04097,   0.17487
  -0.09696,   0.04015,   0.17362
  -0.09907,   0.03932,   0.17237
  -0.10120,   0.03849,   0.17112
  -0.10334,   0.03766,   0.16988
  -0.10550,   0.03682,   0.16863
  -0.10767,   0.03597,   0.16739
  -0.10986,   0.03512,   0.16615
  -0.11206,   0.03427,   0.16491
  -0.11428,   0.03341,   0.16368
  -0.11651,   0.03255,   0.16244
  -0.11876,   0.03168,   0.16121
  -0.12103,   0.03080,   0.15998
  -0.12331,   0.02992,   0.15876
  -0.12560,   0.02904,   0.15753
  -0.12791,   0.02815,   0.15631
  -0.13024,   0.02726,   0.15509
  -0.13258,   0.02636,   0.15387
  -0.13493,   0.02545,   0.15266
  -0.13730,   0.02455,   0.15145
  -0.13969,   0.02363,   0.15024
  -0.14209,   0.02271,   0.14903
  -0.14450,   0.02179,   0.14782
  -0.14693,   0.02086,   0.14662
  -0.14937,   0.01993,   0.14542
  -0.15183,   0.01899,   0.14423
  -0.15430,   0.01804,   0.14303
  -0.15679,   0.01709,   0.14184
  -0.15929,   0.01614,   0.14065
  -0.16180,   0.01518,   0.13947
  -0.16433,   0.01422,   0.13829
  -0.16688,   0.01325,   0.13711
  -0.16943,   0.01227,   0.13593
  -0.17200,   0.01129,   0.13476
  -0.17459,   0.01031,   0.13359
  -0.17719,   0.00932,   0.13242
  -0.17980,   0.00833,   0.13126
  -0.18243,   0.00733,   0.13009
  -0.18507,   0.00632,   0.12894
  -0.18772,   0.00531,   0.12778
  -0.19039,   0.00430,   0.12663
  -0.19307,   0.00328,   0.12549
  -0.19576,   0.00226,   0.12434
  -0.19847,   0.00123,   0.12320
  -0.20119,   0.00019,   0.12206
  -0.20392,  -0.00085,   0.12093
  -0.20667,  -0.00189,   0.11980
  -0.20943,  -0.00294,   0.11867
  -0.21220,  -0.00399,   0.11755
  -0.21499,  -0.00505,   0.11643
  -0.21778,  -0.00612,   0.11532
  -0.22059,  -0.00719,   0.11421
  -0.22342,  -0.00826,   0.11310
  -0.22625,  -0.00934,   0.11199
  -0.22910,  -0.01043,   0.11090
  -0.23196,  -0.01151,   0.10980
  -0.23483,  -0.01261,   0.10871
  -0.23772,  -0.01371,   0.10762
  -0.24061,  -0.01481,   0.10653
  -0.24352,  -0.01592,   0.10545
  -0.24644,  -0.01704,   0.10438
  -0.24937,  -0.01816,   0.10331
  -0.25231,  -0.01928,   0.10224
  -0.25527,  -0.02041,   0.10118
  -0.25823,  -0.02154,   0.10012
  -0.26121,  -0.02268,   0.09906
  -0.26420,  -0.02383,   0.09801
  -0.26720,  -0.02498,   0.09696
  -0.27021,  -0.02613,   0.09592
  -0.27323,  -0.02729,   0.09489
  -0.27626,  -0.02845,   0.09385
  -0.27930,  -0.02962,   0.09282
  -0.28236,  -0.03080,   0.09180
  -0.28542,  -0.03197,   0.09078
  -0.28849,  -0.03316,   0.08976
  -0.29158,  -0.03435,   0.08875
  -0.29467,  -0.03554,   0.08775
  -0.29778,  -0.03674,   0.08675
  -0.30089,  -0.03794,   0.08575
  -0.30402,  -0.03915,   0.08476
  -0.30715,  -0.04036,   0.08377
  -0.31029,  -0.04158,   0.08279
  -0.31345,  -0.04280,   0.08181
  -0.31661,  -0.04403,   0.08084
  -0.31978,  -0.04526,   0.07987
  -0.32296,  -0.04650,   0.07891
  -0.32615,  -0.04774,   0.07795
  -0.32935,  -0.04898,   0.07700
  -0.33256,  -0.05024,   0.07605
  -0.33578,  -0.05149,   0.07511
  -0.33900,  -0.05275,   0.07417
  -0.34224,  -0.05402,   0.07324
  -0.34548,  -0.05529,   0.07231
  -0.34873,  -0.05656,   0.07139
  -0.35199,  -0.05784,   0.07048
  -0.35526,  -0.05913,   0.06956
  -0.35853,  -0.06042,   0.06866
  -0.36181,  -0.06171,   0.06776
  -0.36510,  -0.06301,   0.06686
  -0.36840,  -0.06431,   0.06597
  -0.37171,  -0.06562,   0.06509
  -0.37502,  -0.06693,   0.06421
  -0.37834,  -0.06825,   0.06333
  -0.38166,  -0.06957,   0.06246
  -0.38500,  -0.07089,   0.06160
  -0.38834,  -0.07222,   0.06074
  -0.39168,  -0.07356,   0.05989
  -0.39504,  -0.07490,   0.05904
  -0.39840,  -0.07624,   0.05820
  -0.40176,  -0.07759,   0.05737
  -0.40513,  -0.07894,   0.05654
  -0.40851,  -0.08030,   0.05571
  -0.41189,  -0.08166,   0.05490
  -0.41528,  -0.08303,   0.05408
  -0.41868,  -0.08440,   0.05328
  -0.42208,  -0.08577,   0.05248
  -0.42549,  -0.08715,   0.05168
  -0.42890,  -0.08854,   0.05089
  -0.43231,  -0.08992,   0.05011
  -0.43573,  -0.09132,   0.04933
  -0.43916,  -0.09271,   0.04856
  -0.44259,  -0.09411,   0.04779
  -0.44603,  -0.09552,   0.04703
  -0.44947,  -0.09693,   0.04628
  -0.45291,  -0.09834,   0.04553
  -0.45636,  -0.09976,   0.04479
  -0.45981,  -0.10118,   0.04405
  -0.46326,  -0.10260,   0.04332
  -0.46672,  -0.10403,   0.04260
  -0.47019,  -0.10547,   0.04188
  -0.47365,  -0.10691,   0.04117
  -0.47712,  -0.10835,   0.04046
  -0.48060,  -0.10980,   0.03976
  -0.48407,  -0.11125,   0.03907
  -0.48755,  -0.11270,   0.03838
  -0.49103,  -0.11416,   0.03770
  -0.49452,  -0.11562,   0.03703
  -0.49800,  -0.11709,   0.03636
  -0.50149,  -0.11856,   0.03569
  -0.50498,  -0.12003,   0.03504
  -0.50848,  -0.12151,   0.03439
  -0.51197,  -0.12299,   0.03375
  -0.51547,  -0.12447,   0.03311
  -0.51897,  -0.12596,   0.03248
  -0.52247,  -0.12746,   0.03185
  -0.52597,  -0.12895,   0.03124
  -0.52947,  -0.13045,   0.03062
  -0.53297,  -0.13196,   0.03002
  -0.53648,  -0.13346,   0.02942
  -0.53998,  -0.13497,   0.02883
  -0.54349,  -0.13649,   0.02824
  -0.54699,  -0.13801,   0.02766
