# epsilon_xx, epsilon_yy, epsilon_xy
   0.00000,   0.00000,   0.00000
  -0.00056,  -0.00032,   0.00077
  -0.00112,  -0.00064,   0.00154
  -0.00168,  -0.00098,   0.00231
  -0.00222,  -0.00131,   0.00309
  -0.00277,  -0.00166,   0.00387
  -0.00331,  -0.00201,   0.00465
  -0.00384,  -0.00237,   0.00543
  -0.00437,  -0.00273,   0.00622
  -0.00489,  -0.00311,   0.00701
  -0.00541,  -0.00348,   0.00780
  -0.00593,  -0.00387,   0.00859
  -0.00644,  -0.00426,   0.00939
  -0.00694,  -0.00466,   0.01019
  -0.00744,  -0.00506,   0.01099
  -0.00794,  -0.00547,   0.01180
  -0.00843,  -0.00589,   0.01260
  -0.00892,  -0.00631,   0.01341
  -0.00940,  -0.00674,   0.01422
  -0.00988,  -0.00718,   0.01504
  -0.01035,  -0.00762,   0.01586
  -0.01082,  -0.00807,   0.01668
  -0.01128,  -0.00852,   0.01750
  -0.01174,  -0.00898,   0.01832
  -0.01219,  -0.00944,   0.01915
  -0.01264,  -0.00992,   0.01998
  -0.01309,  -0.01039,   0.02081
  -0.01353,  -0.01088,   0.02165
  -0.01397,  -0.01137,   0.02249
  -0.01440,  -0.01186,   0.02333
  -0.01483,  -0.01236,   0.02417
  -0.01525,  -0.01287,   0.02502
  -0.01567,  -0.01338,   0.02587
  -0.01608,  -0.01390,   0.02672
  -0.01649,  -0.01443,   0.02757
  -0.01690,  -0.01496,   0.02843
  -0.01730,  -0.01549,   0.02929
  -0.01770,  -0.01603,   0.03015
  -0.01809,  -0.01658,   0.03102
  -0.01848,  -0.01713,   0.03188
  -0.01886,  -0.01768,   0.03276
  -0.01924,  -0.01825,   0.03363
  -0.01962,  -0.01881,   0.03450
  -0.01999,  -0.01939,   0.03538
  -0.02036,  -0.01996,   0.03626
  -0.02073,  -0.02055,   0.03715
  -0.02109,  -0.02114,   0.03803
  -0.02144,  -0.02173,   0.03892
  -0.02180,  -0.02233,   0.03981
  -0.02214,  -0.02293,   0.04071
  -0.02249,  -0.02354,   0.04161
  -0.02283,  -0.02415,   0.04251
  -0.02317,  -0.02477,   0.04341
  -0.02350,  -0.02539,   0.04431
  -0.02383,  -0.02602,   0.04522
  -0.02415,  -0.02665,   0.04613
  -0.02447,  -0.02729,   0.04705
  -0.02479,  -0.02793,   0.04796
  -0.02511,  -0.02858,   0.04888
  -0.02542,  -0.02923,   0.04980
  -0.02572,  -0.02988,   0.05073
  -0.02603,  -0.03054,   0.05165
  -0.02633,  -0.03121,   0.05258
  -0.02662,  -0.03187,   0.05352
  -0.02691,  -0.03255,   0.05445
  -0.02720,  -0.03322,   0.05539
  -0.02749,  -0.03391,   0.05633
  -0.02777,  -0.03459,   0.05727
  -0.02805,  -0.03528,   0.05822
  -0.02832,  -0.03597,   0.05917
  -0.02859,  -0.03667,   0.06012
  -0.02886,  -0.03737,   0.06107
  -0.02913,  -0.03808,   0.06203
  -0.02939,  -0.03879,   0.06299
  -0.02965,  -0.03950,   0.06395
  -0.02990,  -0.04022,   0.06492
  -0.03015,  -0.04094,   0.06589
  -0.03040,  -0.04167,   0.06686
  -0.03065,  -0.04240,   0.06783
  -0.03089,  -0.04313,   0.06881
  -0.03113,  -0.04386,   0.06979
  -0.03136,  -0.04460,   0.07077
  -0.03160,  -0.04535,   0.07175
  -0.03183,  -0.04609,   0.07274
  -0.03205,  -0.04684,   0.07373
  -0.03228,  -0.04760,   0.07472
  -0.03250,  -0.04835,   0.07572
  -0.03272,  -0.04911,   0.07671
  -0.03293,  -0.04988,   0.07771
  -0.03315,  -0.05064,   0.07872
  -0.03336,  -0.05141,   0.07972
  -0.03356,  -0.05219,   0.08073
  -0.03377,  -0.05296,   0.08174
  -0.03397,  -0.05374,   0.08275
  -0.03417,  -0.05452,   0.08377
  -0.03436,  -0.05531,   0.08479
  -0.03456,  -0.05610,   0.08581
  -0.03475,  -0.05689,   0.08684
  -0.03494,  -0.05768,   0.08786
  -0.03512,  -0.05848,   0.08889
  -0.03531,  -0.05927,   0.08993
  -0.03549,  -0.06008,   0.09096
  -0.03567,  -0.06088,   0.09200
  -0.03584,  -0.06169,   0.09304
  -0.03602,  -0.06250,   0.09408
  -0.03619,  -0.06331,   0.09513
  -0.03636,  -0.06412,   0.09617
  -0.03653,  -0.06494,   0.09722
  -0.03669,  -0.06576,   0.09828
  -0.03685,  -0.06658,   0.09933
  -0.03701,  -0.06740,   0.10039
  -0.03717,  -0.06822,   0.10145
  -0.03733,  -0.06905,   0.10252
  -0.03748,  -0.06988,   0.10358
  -0.03764,  -0.07071,   0.10465
  -0.03779,  -0.07155,   0.10572
  -0.03794,  -0.07238,   0.10680
  -0.03808,  -0.07322,   0.10787
  -0.03823,  -0.07406,   0.10895
  -0.03837,  -0.07490,   0.11003
  -0.03851,  -0.07574,   0.11112
  -0.03865,  -0.07659,   0.11220
  -0.03879,  -0.07743,   0.11329
  -0.03892,  -0.07828,   0.11438
  -0.03906,  -0.07913,   0.11548
  -0.03919,  -0.07998,   0.11657
  -0.03932,  -0.08084,   0.11767
  -0.03945,  -0.08169,   0.11877
  -0.03958,  -0.08255,   0.11988
  -0.03970,  -0.08340,   0.12098
  -0.03983,  -0.08426,   0.12209
  -0.03995,  -0.08512,   0.12320
  -0.04008,  -0.08598,   0.12432
  -0.04020,  -0.08684,   0.12543
  -0.04032,  -0.08771,   0.12655
  -0.04043,  -0.08857,   0.12767
  -0.04055,  -0.08944,   0.12879
  -0.04067,  -0.09030,   0.12992
  -0.04078,  -0.09117,   0.13104
  -0.04090,  -0.09204,   0.13217
  -0.04101,  -0.09291,   0.13331
  -0.04112,  -0.09378,   0.13444
  -0.04123,  -0.09465,   0.13558
  -0.04134,  -0.09552,   0.13671
  -0.04145,  -0.09639,   0.13786
  -0.04155,  -0.09727,   0.13900
  -0.04166,  -0.09814,   0.14014
  -0.04177,  -0.09901,   0.14129
  -0.04187,  -0.09989,   0.14244
  -0.04198,  -0.10076,   0.14359
  -0.04208,  -0.10164,   0.14475
  -0.04218,  -0.10252,   0.14590
  -0.04229,  -0.10339,   0.14706
  -0.04239,  -0.10427,   0.14822
  -0.04249,  -0.10515,   0.14939
  -0.04259,  -0.10602,   0.15055
  -0.04269,  -0.10690,   0.15172
  -0.04279,  -0.10778,   0.15289
  -0.04289,  -0.10866,   0.15406
  -0.04299,  -0.10954,   0.15523
  -0.04308,  -0.11041,   0.15640
  -0.04318,  -0.11129,   0.15758
  -0.04328,  -0.11217,   0.15876
  -0.04338,  -0.11305,   0.15994
  -0.04347,  -0.11393,   0.16112
  -0.04357,  -0.11480,   0.16231
  -0.04367,  -0.11568,   0.16350
  -0.04377,  -0.11656,   0.16468
  -0.04386,  -0.11743,   0.16587
  -0.04396,  -0.11831,   0.16707
  -0.04406,  -0.11919,   0.16826
  -0.04415,  -0.12006,   0.16946
  -0.04425,  -0.12094,   0.17065
  -0.04435,  -0.12181,   0.17185
  -0.04444,  -0.12269,   0.17305
  -0.04454,  -0.12356,   0.17426
  -0.04464,  -0.12443,   0.17546
  -0.04474,  -0.12531,   0.17667
  -0.04484,  -0.12618,   0.17787
  -0.04493,  -0.12705,   0.17908
  -0.04503,  -0.12792,   0.18030
  -0.04513,  -0.12879,   0.18151
  -0.04523,  -0.12966,   0.18272
  -0.04533,  -0.13053,   0.18394
  -0.04543,  -0.13139,   0.18516
  -0.04554,  -0.13226,   0.18637
  -0.04564,  -0.13312,   0.18759
  -0.04574,  -0.13399,   0.18882
  -0.04585,  -0.13485,   0.19004
  -0.04595,  -0.13571,   0.19126
  -0.04605,  -0.13657,   0.19249
  -0.04616,  -0.13743,   0.19372
  -0.04627,  -0.13829,   0.19495
  -0.04638,  -0.13915,   0.19618
  -0.04648,  -0.14000,   0.19741
  -0.04659,  -0.14086,   0.19864
  -0.04670,  -0.14171,   0.19987
  -0.04682,  -0.14256,   0.20111
  -0.04693,  -0.14341,   0.20235
  -0.04704,  -0.14426,   0.20358
  -0.04716,  -0.14511,   0.20482
  -0.04727,  -0.14595,   0.20606
  -0.04739,  -0.14680,   0.20730
  -0.04751,  -0.14764,   0.20855
  -0.04763,  -0.14848,   0.20979
  -0.04775,  -0.14932,   0.21103
  -0.04787,  -0.15016,   0.21228
  -0.04800,  -0.15099,   0.21352
  -0.04812,  -0.15183,   0.21477
  -0.04825,  -0.15266,   0.21602
  -0.04838,  -0.15349,   0.21727
  -0.04851,  -0.15432,   0.21852
  -0.04864,  -0.15514,   0.21977
  -0.04877,  -0.15597,   0.22102
  -0.04891,  -0.15679,   0.22227
  -0.04904,  -0.15761,   0.22352
  -0.04918,  -0.15843,   0.22478
  -0.04932,  -0.15925,   0.22603
  -0.04946,  -0.16006,   0.22728
  -0.04960,  -0.16087,   0.22854
  -0.04975,  -0.16168,   0.22980
  -0.04990,  -0.16249,   0.23105
  -0.05005,  -0.16329,   0.23231
  -0.05020,  -0.16410,   0.23357
  -0.05035,  -0.16490,   0.23482
  -0.05051,  -0.16570,   0.23608
  -0.05066,  -0.16649,   0.23734
  -0.05082,  -0.16729,   0.23860
  -0.05098,  -0.16808,   0.23986
  -0.05115,  -0.16887,   0.24112
  -0.05131,  -0.16965,   0.24238
  -0.05148,  -0.17044,   0.24364
  -0.05165,  -0.17122,   0.24490
  -0.05182,  -0.17200,   0.24616
  -0.05200,  -0.17277,   0.24742
  -0.05218,  -0.17355,   0.24868
  -0.05236,  -0.17432,   0.24994
  -0.05254,  -0.17509,   0.25121
  -0.05272,  -0.17585,   0.25247
  -0.05291,  -0.17662,   0.25373
  -0.05310,  -0.17738,   0.25499
  -0.05329,  -0.17813,   0.25625
  -0.05349,  -0.17889,   0.25751
  -0.05369,  -0.17964,   0.25877
  -0.05389,  -0.18039,   0.26003
  -0.05409,  -0.18113,   0.26129
  -0.05430,  -0.18188,   0.26255
  -0.05450,  -0.18262,   0.26381
  -0.05472,  -0.18335,   0.26507
  -0.05493,  -0.18409,   0.26633
  -0.05515,  -0.18482,   0.26759
  -0.05537,  -0.18554,   0.26885
  -0.05559,  -0.18627,   0.27010
  -0.05582,  -0.18699,   0.27136
  -0.05605,  -0.18771,   0.27262
  -0.05628,  -0.18842,   0.27387
  -0.05651,  -0.18914,   0.27513
  -0.05675,  -0.18984,   0.27638
  -0.05699,  -0.19055,   0.27764
  -0.05724,  -0.19125,   0.27889
  -0.05749,  -0.19195,   0.28014
  -0.05774,  -0.19265,   0.28139
  -0.05799,  -0.19334,   0.28264
  -0.05825,  -0.19403,   0.28389
  -0.05851,  -0.19471,   0.28514
  -0.05877,  -0.19539,   0.28639
  -0.05904,  -0.19607,   0.28764
  -0.05931,  -0.19675,   0.28888
  -0.05959,  -0.19742,   0.29013
  -0.05986,  -0.19809,   0.29137
  -0.06015,  -0.19875,   0.29262
  -0.06043,  -0.19941,   0.29386
  -0.06072,  -0.20007,   0.29510
  -0.06101,  -0.20072,   0.29634
  -0.06131,  -0.20137,   0.29757
  -0.06161,  -0.20202,   0.29881
  -0.06191,  -0.20266,   0.30004
  -0.06222,  -0.20330,   0.30128
  -0.06253,  -0.20393,   0.30251
  -0.06284,  -0.20457,   0.30374
  -0.06316,  -0.20519,   0.30497
  -0.06348,  -0.20582,   0.30620
  -0.06381,  -0.20644,   0.30742
  -0.06414,  -0.20705,   0.30864
  -0.06447,  -0.20767,   0.30987
  -0.06481,  -0.20827,   0.31109
  -0.06515,  -0.20888,   0.31231
  -0.06549,  -0.20948,   0.31352
  -0.06584,  -0.21008,   0.31474
  -0.06619,  -0.21067,   0.31595
  -0.06655,  -0.21126,   0.31716
  -0.06691,  -0.21184,   0.31837
  -0.06728,  -0.21242,   0.31958
  -0.06765,  -0.21300,   0.32078
  -0.06802,  -0.21357,   0.32198
  -0.06840,  -0.21414,   0.32319
  -0.06878,  -0.21470,   0.32438
  -0.06917,  -0.21526,   0.32558
  -0.06956,  -0.21582,   0.32677
  -0.06995,  -0.21637,   0.32797
  -0.07035,  -0.21692,   0.32915
  -0.07075,  -0.21746,   0.33034
  -0.07116,  -0.21800,   0.33153
  -0.07157,  -0.21854,   0.33271
  -0.07199,  -0.21907,   0.33389
  -0.07241,  -0.21960,   0.33506
  -0.07284,  -0.22012,   0.33624
  -0.07326,  -0.22064,   0.33741
  -0.07370,  -0.22115,   0.33858
  -0.07414,  -0.22166,   0.33974
  -0.07458,  -0.22217,   0.34091
  -0.07503,  -0.22267,   0.34207
  -0.07548,  -0.22316,   0.34322
  -0.07594,  -0.22365,   0.34438
  -0.07640,  -0.22414,   0.34553
  -0.07686,  -0.22463,   0.34668
  -0.07734,  -0.22510,   0.34782
  -0.07781,  -0.22558,   0.34897
  -0.07829,  -0.22605,   0.35010
  -0.07878,  -0.22651,   0.35124
  -0.07926,  -0.22697,   0.35237
  -0.07976,  -0.22743,   0.35350
  -0.08026,  -0.22788,   0.35463
  -0.08076,  -0.22833,   0.35575
  -0.08127,  -0.22877,   0.35687
  -0.08178,  -0.22921,   0.35799
  -0.08230,  -0.22964,   0.35910
  -0.08282,  -0.23007,   0.36021
  -0.08335,  -0.23050,   0.36132
  -0.08388,  -0.23092,   0.36242
  -0.08442,  -0.23133,   0.36352
  -0.08497,  -0.23174,   0.36461
  -0.08551,  -0.23215,   0.36570
  -0.08607,  -0.23255,   0.36679
  -0.08662,  -0.23294,   0.36787
  -0.08719,  -0.23333,   0.36895
  -0.08775,  -0.23372,   0.37003
  -0.08833,  -0.23410,   0.37110
  -0.08890,  -0.23448,   0.37217
  -0.08949,  -0.23485,   0.37323
  -0.09007,  -0.23522,   0.37429
  -0.09067,  -0.23558,   0.37535
  -0.09126,  -0.23594,   0.37640
  -0.09187,  -0.23629,   0.37745
  -0.09248,  -0.23664,   0.37849
  -0.09309,  -0.23698,   0.37953
  -0.09371,  -0.23732,   0.38056
  -0.09433,  -0.23765,   0.38159
  -0.09496,  -0.23798,   0.38262
  -0.09559,  -0.23831,   0.38364
  -0.09623,  -0.23863,   0.38466
  -0.09688,  -0.23894,   0.38567
  -0.09753,  -0.23925,   0.38668
  -0.09818,  -0.23955,   0.38768
  -0.09884,  -0.23985,   0.38868
  -0.09951,  -0.24014,   0.38968
  -0.10018,  -0.24043,   0.39067
  -0.10086,  -0.24072,   0.39165
  -0.10154,  -0.24100,   0.39263
  -0.10223,  -0.24127,   0.39361
  -0.10292,  -0.24154,   0.39458
  -0.10362,  -0.24180,   0.39554
  -0.10432,  -0.24206,   0.39650
  -0.10503,  -0.24231,   0.39746
  -0.10574,  -0.24256,   0.39841
  -0.10646,  -0.24281,   0.39935
  -0.10719,  -0.24304,   0.40029
  -0.10792,  -0.24328,   0.40123
  -0.10865,  -0.24350,   0.40216
  -0.10939,  -0.24373,   0.40308
  -0.11014,  -0.24395,   0.40400
  -0.11089,  -0.24416,   0.40492
  -0.11165,  -0.24436,   0.40583
  -0.11241,  -0.24457,   0.40673
  -0.11318,  -0.24476,   0.40763
  -0.11395,  -0.24496,   0.40852
  -0.11473,  -0.24514,   0.40941
  -0.11552,  -0.24532,   0.41029
  -0.11631,  -0.24550,   0.41117
  -0.11711,  -0.24567,   0.41204
  -0.11791,  -0.24584,   0.41291
  -0.11871,  -0.24600,   0.41377
  -0.11953,  -0.24615,   0.41462
  -0.12035,  -0.24630,   0.41547
  -0.12117,  -0.24645,   0.41631
  -0.12200,  -0.24658,   0.41715
  -0.12283,  -0.24672,   0.41798
  -0.12367,  -0.24685,   0.41880
  -0.12452,  -0.24697,   0.41962
  -0.12537,  -0.24709,   0.42044
  -0.12623,  -0.24720,   0.42124
  -0.12709,  -0.24731,   0.42204
  -0.12796,  -0.24741,   0.42284
  -0.12884,  -0.24751,   0.42363
  -0.12972,  -0.24760,   0.42441
  -0.13060,  -0.24768,   0.42519
  -0.13149,  -0.24776,   0.42596
  -0.13239,  -0.24784,   0.42673
  -0.13329,  -0.24791,   0.42748
  -0.13420,  -0.24797,   0.42824
  -0.13511,  -0.24803,   0.42898
  -0.13603,  -0.24808,   0.42972
  -0.13696,  -0.24813,   0.43046
  -0.13789,  -0.24817,   0.43118
  -0.13882,  -0.24821,   0.43190
  -0.13976,  -0.24824,   0.43262
  -0.14071,  -0.24827,   0.43333
  -0.14167,  -0.24829,   0.43403
  -0.14262,  -0.24830,   0.43472
  -0.14359,  -0.24831,   0.43541
  -0.14456,  -0.24831,   0.43609
  -0.14553,  -0.24831,   0.43677
  -0.14652,  -0.24830,   0.43744
  -0.14750,  -0.24829,   0.43810
  -0.14850,  -0.24827,   0.43875
  -0.14949,  -0.24825,   0.43940
  -0.15050,  -0.24822,   0.44004
  -0.15151,  -0.24818,   0.44068
  -0.15252,  -0.24814,   0.44131
  -0.15354,  -0.24810,   0.44193
  -0.15457,  -0.24805,   0.44254
  -0.15560,  -0.24799,   0.44315
  -0.15664,  -0.24793,   0.44375
  -0.15768,  -0.24786,   0.44435
  -0.15873,  -0.24778,   0.44493
  -0.15979,  -0.24770,   0.44551
  -0.16085,  -0.24762,   0.44609
  -0.16192,  -0.24753,   0.44665
  -0.16299,  -0.24743,   0.44721
  -0.16406,  -0.24733,   0.44776
  -0.16515,  -0.24722,   0.44831
  -0.16624,  -0.24711,   0.44885
  -0.16733,  -0.24699,   0.44938
  -0.16843,  -0.24686,   0.44990
  -0.16954,  -0.24673,   0.45042
  -0.17065,  -0.24659,   0.45093
  -0.17176,  -0.24645,   0.45143
  -0.17289,  -0.24631,   0.45192
  -0.17401,  -0.24615,   0.45241
  -0.17515,  -0.24599,   0.45289
  -0.17629,  -0.24583,   0.45336
  -0.17743,  -0.24566,   0.45383
  -0.17858,  -0.24548,   0.45429
  -0.17974,  -0.24530,   0.45474
  -0.18090,  -0.24511,   0.45518
  -0.18206,  -0.24492,   0.45562
  -0.18324,  -0.24472,   0.45605
  -0.18441,  -0.24451,   0.45647
  -0.18560,  -0.24430,   0.45688
  -0.18679,  -0.24409,   0.45729
  -0.18798,  -0.24386,   0.45769
  -0.18918,  -0.24364,   0.45808
  -0.19039,  -0.24340,   0.45846
  -0.19160,  -0.24316,   0.45884
  -0.19281,  -0.24292,   0.45921
  -0.19403,  -0.24266,   0.45957
  -0.19526,  -0.24241,   0.45993
  -0.19649,  -0.24214,   0.46027
  -0.19773,  -0.24188,   0.46061
  -0.19897,  -0.24160,   0.46094
  -0.20022,  -0.24132,   0.46127
  -0.20148,  -0.24104,   0.46159
  -0.20274,  -0.24074,   0.46189
  -0.20400,  -0.24045,   0.46219
  -0.20527,  -0.24014,   0.46249
  -0.20655,  -0.23983,   0.46277
  -0.20783,  -0.23952,   0.46305
  -0.20911,  -0.23920,   0.46332
  -0.21040,  -0.23887,   0.46359
  -0.21170,  -0.23854,   0.46384
  -0.21300,  -0.23820,   0.46409
  -0.21431,  -0.23785,   0.46433
  -0.21562,  -0.23750,   0.46456
  -0.21694,  -0.23715,   0.46479
  -0.21826,  -0.23678,   0.46500
  -0.21959,  -0.23642,   0.46521
  -0.22092,  -0.23604,   0.46541
  -0.22226,  -0.23566,   0.46561
  -0.22361,  -0.23528,   0.46579
  -0.22496,  -0.23488,   0.46597
  -0.22631,  -0.23449,   0.46614
  -0.22767,  -0.23408,   0.46631
  -0.22903,  -0.23367,   0.46646
  -0.23040,  -0.23326,   0.46661
  -0.23177,  -0.23284,   0.46675
  -0.23315,  -0.23241,   0.46688
  -0.23454,  -0.23198,   0.46700
  -0.23593,  -0.23154,   0.46712
  -0.23732,  -0.23109,   0.46723
  -0.23872,  -0.23064,   0.46733
  -0.24012,  -0.23018,   0.46742
  -0.24153,  -0.22972,   0.46751
  -0.24295,  -0.22925,   0.46759
  -0.24436,  -0.22878,   0.46766
  -0.24579,  -0.22830,   0.46772
  -0.24722,  -0.22781,   0.46777
  -0.24865,  -0.22732,   0.46782
  -0.25009,  -0.22682,   0.46786
  -0.25153,  -0.22632,   0.46789
  -0.25298,  -0.22581,   0.46791
  -0.25443,  -0.22529,   0.46793
  -0.25589,  -0.22477,   0.46794
  -0.25735,  -0.22424,   0.46794
  -0.25881,  -0.22371,   0.46793
  -0.26028,  -0.22317,   0.46792
  -0.26176,  -0.22262,   0.46789
  -0.26324,  -0.22207,   0.46786
  -0.26472,  -0.22151,   0.46783
  -0.26621,  -0.22095,   0.46778
  -0.26771,  -0.22038,   0.46773
  -0.26921,  -0.21980,   0.46767
  -0.27071,  -0.21922,   0.46760
  -0.27221,  -0.21863,   0.46752
  -0.27373,  -0.21804,   0.46744
  -0.27524,  -0.21744,   0.46734
  -0.27676,  -0.21683,   0.46725
  -0.27829,  -0.21622,   0.46714
  -0.27982,  -0.21560,   0.46702
  -0.28135,  -0.21498,   0.46690
  -0.28289,  -0.21435,   0.46677
  -0.28443,  -0.21371,   0.46664
  -0.28597,  -0.21307,   0.46649
  -0.28752,  -0.21242,   0.46634
  -0.28908,  -0.21177,   0.46618
  -0.29064,  -0.21111,   0.46601
  -0.29220,  -0.21045,   0.46584
  -0.29376,  -0.20978,   0.46566
  -0.29533,  -0.20910,   0.46547
  -0.29691,  -0.20842,   0.46527
  -0.29849,  -0.20773,   0.46507
  -0.30007,  -0.20703,   0.46485
  -0.30165,  -0.20633,   0.46463
  -0.30324,  -0.20562,   0.46441
  -0.30484,  -0.20491,   0.46417
  -0.30644,  -0.20419,   0.46393
  -0.30804,  -0.20347,   0.46368
  -0.30964,  -0.20274,   0.46343
  -0.31125,  -0.20200,   0.46317
  -0.31286,  -0.20126,   0.46289
  -0.31448,  -0.20051,   0.46262
  -0.31610,  -0.19976,   0.46233
  -0.31772,  -0.19900,   0.46204
  -0.31935,  -0.19823,   0.46174
  -0.32098,  -0.19746,   0.46143
  -0.32261,  -0.19668,   0.46112
  -0.32425,  -0.19590,   0.46080
  -0.32589,  -0.19511,   0.46047
  -0.32753,  -0.19431,   0.46014
  -0.32918,  -0.19351,   0.45980
  -0.33083,  -0.19270,   0.45945
  -0.33248,  -0.19189,   0.45909
  -0.33414,  -0.19107,   0.45873
  -0.33580,  -0.19024,   0.45836
  -0.33746,  -0.18941,   0.45798
  -0.33913,  -0.18858,   0.45760
  -0.34080,  -0.18773,   0.45721
  -0.34247,  -0.18689,   0.45681
  -0.34415,  -0.18603,   0.45640
  -0.34582,  -0.18517,   0.45599
  -0.34750,  -0.18431,   0.45557
  -0.34919,  -0.18344,   0.45515
  -0.35087,  -0.18256,   0.45472
  -0.35256,  -0.18167,   0.45428
  -0.35426,  -0.18079,   0.45383
  -0.35595,  -0.17989,   0.45338
  -0.35765,  -0.17899,   0.45293
  -0.35935,  -0.17808,   0.45246
  -0.36105,  -0.17717,   0.45199
  -0.36275,  -0.17625,   0.45151
  -0.36446,  -0.17533,   0.45103
  -0.36617,  -0.17440,   0.45054
  -0.36788,  -0.17347,   0.45004
  -0.36960,  -0.17253,   0.44953
  -0.37131,  -0.17158,   0.44902
  -0.37303,  -0.17063,   0.44851
  -0.37475,  -0.16967,   0.44799
  -0.37648,  -0.16871,   0.44746
  -0.37820,  -0.16774,   0.44692
  -0.37993,  -0.16676,   0.44638
  -0.38166,  -0.16578,   0.44583
  -0.38339,  -0.16480,   0.44528
  -0.38512,  -0.16381,   0.44472
  -0.38686,  -0.16281,   0.44415
  -0.38859,  -0.16181,   0.44358
  -0.39033,  -0.16080,   0.44300
  -0.39207,  -0.15979,   0.44242
  -0.39381,  -0.15877,   0.44183
  -0.39556,  -0.15774,   0.44123
  -0.39730,  -0.15671,   0.44063
  -0.39905,  -0.15568,   0.44002
  -0.40080,  -0.15463,   0.43941
  -0.40255,  -0.15359,   0.43879
  -0.40430,  -0.15254,   0.43816
  -0.40605,  -0.15148,   0.43753
  -0.40780,  -0.15042,   0.43689
  -0.40955,  -0.14935,   0.43625
  -0.41131,  -0.14827,   0.43560
  -0.41307,  -0.14720,   0.43495
  -0.41482,  -0.14611,   0.43429
  -0.41658,  -0.14502,   0.43362
  -0.41834,  -0.14393,   0.43295
  -0.42010,  -0.14283,   0.43228
  -0.42186,  -0.14172,   0.43160
  -0.42362,  -0.14061,   0.43091
  -0.42538,  -0.13949,   0.43022
  -0.42715,  -0.13837,   0.42952
  -0.42891,  -0.13725,   0.42882
  -0.43067,  -0.13611,   0.42811
  -0.43244,  -0.13498,   0.42740
  -0.43420,  -0.13383,   0.42668
  -0.43597,  -0.13269,   0.42596
  -0.43773,  -0.13154,   0.42523
  -0.43950,  -0.13038,   0.42450
  -0.44126,  -0.12922,   0.42376
  -0.44303,  -0.12805,   0.42302
  -0.44479,  -0.12688,   0.42227
  -0.44656,  -0.12570,   0.42152
  -0.44832,  -0.12452,   0.42076
  -0.45009,  -0.12333,   0.42000
  -0.45185,  -0.12214,   0.41923
  -0.45362,  -0.12094,   0.41846
  -0.45538,  -0.11974,   0.41769
  -0.45715,  -0.11853,   0.41691
  -0.45891,  -0.11732,   0.41612
  -0.46067,  -0.11610,   0.41533
  -0.46244,  -0.11488,   0.41454
  -0.46420,  -0.11365,   0.41374
  -0.46596,  -0.11242,   0.41294
  -0.46772,  -0.11119,   0.41213
  -0.46948,  -0.10995,   0.41132
  -0.47123,  -0.10870,   0.41050
  -0.47299,  -0.10745,   0.40968
  -0.47475,  -0.10620,   0.40886
  -0.47650,  -0.10494,   0.40803
  -0.47826,  -0.10368,   0.40720
  -0.48001,  -0.10241,   0.40636
  -0.48176,  -0.10114,   0.40552
  -0.48351,  -0.09986,   0.40467
  -0.48526,  -0.09858,   0.40383
  -0.48701,  -0.09730,   0.40297
  -0.48875,  -0.09601,   0.40212
  -0.49049,  -0.09471,   0.40126
  -0.49224,  -0.09341,   0.40039
  -0.49398,  -0.09211,   0.39953
  -0.49571,  -0.09080,   0.39866
  -0.49745,  -0.08949,   0.39778
  -0.49918,  -0.08818,   0.39690
  -0.50092,  -0.08686,   0.39602
  -0.50265,  -0.08554,   0.39514
  -0.50437,  -0.08421,   0.39425
  -0.50610,  -0.08288,   0.39336
  -0.50782,  -0.08154,   0.39246
  -0.50954,  -0.08020,   0.39156
  -0.51126,  -0.07886,   0.39066
  -0.51298,  -0.07751,   0.38976
  -0.51469,  -0.07616,   0.38885
  -0.51640,  -0.07481,   0.38794
  -0.51811,  -0.07345,   0.38702
  -0.51981,  -0.07208,   0.38610
  -0.52151,  -0.07072,   0.38518
  -0.52321,  -0.06935,   0.38426
  -0.52490,  -0.06798,   0.38333
  -0.52660,  -0.06660,   0.38240
  -0.52829,  -0.06522,   0.38147
  -0.52997,  -0.06383,   0.38054
  -0.53165,  -0.06245,   0.37960
  -0.53333,  -0.06106,   0.37866
  -0.53501,  -0.05966,   0.37772
  -0.53668,  -0.05826,   0.37677
  -0.53834,  -0.05686,   0.37582
  -0.54001,  -0.05546,   0.37487
  -0.54167,  -0.05405,   0.37392
  -0.54332,  -0.05264,   0.37296
  -0.54498,  -0.05123,   0.37200
  -0.54662,  -0.04981,   0.37104
  -0.54827,  -0.04839,   0.37008
  -0.54991,  -0.04697,   0.36912
  -0.55154,  -0.04554,   0.36815
  -0.55317,  -0.04411,   0.36718
  -0.55480,  -0.04268,   0.36621
  -0.55642,  -0.04125,   0.36524
  -0.55804,  -0.03981,   0.36426
  -0.55965,  -0.03837,   0.36328
  -0.56126,  -0.03693,   0.36230
  -0.56286,  -0.03548,   0.36132
  -0.56446,  -0.03404,   0.36034
  -0.56605,  -0.03259,   0.35935
  -0.56764,  -0.03113,   0.35837
  -0.56922,  -0.02968,   0.35738
  -0.57079,  -0.02822,   0.35639
  -0.57237,  -0.02676,   0.35540
  -0.57393,  -0.02530,   0.35440
  -0.57549,  -0.02384,   0.35341
  -0.57705,  -0.02237,   0.35241
  -0.57860,  -0.02090,   0.35142
  -0.58014,  -0.01943,   0.35042
  -0.58168,  -0.01796,   0.34942
  -0.58321,  -0.01648,   0.34841
  -0.58474,  -0.01501,   0.34741
  -0.58626,  -0.01353,   0.34641
  -0.58777,  -0.01205,   0.34540
  -0.58928,  -0.01057,   0.34439
  -0.59078,  -0.00908,   0.34339
  -0.59227,  -0.00760,   0.34238
  -0.59376,  -0.00611,   0.34137
  -0.59524,  -0.00462,   0.34036
  -0.59672,  -0.00313,   0.33934
  -0.59818,  -0.00164,   0.33833
  -0.59964,  -0.00015,   0.33732
  -0.60110,   0.00134,   0.33630
  -0.60255,   0.00284,   0.33529
  -0.60399,   0.00433,   0.33427
  -0.60542,   0.00583,   0.33325
  -0.60685,   0.00733,   0.33224
  -0.60826,   0.00883,   0.33122
  -0.60967,   0.01033,   0.33020
  -0.61108,   0.01183,   0.32918
  -0.61247,   0.01333,   0.32816
  -0.61386,   0.01484,   0.32714
  -0.61524,   0.01634,   0.32612
  -0.61662,   0.01784,   0.32510
  -0.61798,   0.01935,   0.32408
  -0.61934,   0.02085,   0.32306
  -0.62069,   0.02236,   0.32203
  -0.62203,   0.02387,   0.32101
  -0.62336,   0.02537,   0.31999
  -0.62469,   0.02688,   0.31897
  -0.62600,   0.02839,   0.31794
  -0.62731,   0.02989,   0.31692
  -0.62861,   0.03140,   0.31590
  -0.62990,   0.03291,   0.31488
  -0.63118,   0.03441,   0.31385
  -0.63246,   0.03592,   0.31283
  -0.63372,   0.03743,   0.31181
  -0.63498,   0.03893,   0.31079
  -0.63622,   0.04044,   0.30976
  -0.63746,   0.04195,   0.30874
  -0.63869,   0.04345,   0.30772
  -0.63991,   0.04496,   0.30670
  -0.64112,   0.04646,   0.30568
  -0.64232,   0.04796,   0.30466
  -0.64351,   0.04947,   0.30364
  -0.64469,   0.05097,   0.30262
  -0.64586,   0.05247,   0.30160
  -0.64702,   0.05397,   0.30058
  -0.64817,   0.05547,   0.29956
  -0.64931,   0.05697,   0.29854
  -0.65045,   0.05846,   0.29752
  -0.65157,   0.05996,   0.29651
  -0.65268,   0.06145,   0.29549
  -0.65378,   0.06295,   0.29448
  -0.65487,   0.06444,   0.29346
  -0.65595,   0.06593,   0.29245
  -0.65702,   0.06742,   0.29144
  -0.65808,   0.06890,   0.29042
  -0.65913,   0.07039,   0.28941
  -0.66017,   0.07187,   0.28840
  -0.66120,   0.07335,   0.28739
  -0.66222,   0.07483,   0.28638
  -0.66322,   0.07631,   0.28538
  -0.66422,   0.07779,   0.28437
  -0.66520,   0.07926,   0.28337
  -0.66618,   0.08073,   0.28236
  -0.66714,   0.08220,   0.28136
  -0.66809,   0.08367,   0.28036
  -0.66903,   0.08513,   0.27936
  -0.66996,   0.08659,   0.27836
  -0.67087,   0.08805,   0.27736
  -0.67178,   0.08951,   0.27636
  -0.67267,   0.09096,   0.27537
  -0.67355,   0.09241,   0.27437
  -0.67442,   0.09386,   0.27338
  -0.67528,   0.09530,   0.27239
  -0.67613,   0.09674,   0.27140
  -0.67696,   0.09818,   0.27041
  -0.67778,   0.09962,   0.26942
  -0.67859,   0.10105,   0.26844
  -0.67939,   0.10248,   0.26745
  -0.68018,   0.10390,   0.26647
  -0.68095,   0.10532,   0.26549
  -0.68171,   0.10674,   0.26451
  -0.68246,   0.10815,   0.26353
  -0.68320,   0.10957,   0.26256
  -0.68392,   0.11097,   0.26158
  -0.68463,   0.11237,   0.26061
  -0.68533,   0.11377,   0.25964
  -0.68601,   0.11517,   0.25867
  -0.68669,   0.11656,   0.25770
  -0.68734,   0.11794,   0.25674
  -0.68799,   0.11933,   0.25578
  -0.68862,   0.12070,   0.25481
  -0.68924,   0.12208,   0.25385
  -0.68985,   0.12344,   0.25290
  -0.69044,   0.12481,   0.25194
  -0.69102,   0.12617,   0.25099
  -0.69159,   0.12752,   0.25003
  -0.69214,   0.12887,   0.24908
  -0.69269,   0.13021,   0.24814
  -0.69321,   0.13155,   0.24719
  -0.69372,   0.13289,   0.24625
  -0.69422,   0.13422,   0.24530
  -0.69471,   0.13554,   0.24436
  -0.69518,   0.13686,   0.24343
  -0.69564,   0.13817,   0.24249
  -0.69608,   0.13948,   0.24156
  -0.69651,   0.14078,   0.24063
  -0.69693,   0.14208,   0.23970
  -0.69733,   0.14337,   0.23877
  -0.69772,   0.14465,   0.23785
  -0.69809,   0.14593,   0.23692
  -0.69845,   0.14720,   0.23601
  -0.69880,   0.14847,   0.23509
  -0.69913,   0.14973,   0.23417
  -0.69944,   0.15098,   0.23326
  -0.69975,   0.15223,   0.23235
  -0.70003,   0.15347,   0.23144
  -0.70031,   0.15471,   0.23053
  -0.70056,   0.15594,   0.22963
  -0.70081,   0.15716,   0.22873
  -0.70104,   0.15837,   0.22783
  -0.70125,   0.15958,   0.22694
  -0.70145,   0.16078,   0.22604
  -0.70164,   0.16198,   0.22515
  -0.70181,   0.16317,   0.22426
  -0.70196,   0.16435,   0.22338
  -0.70210,   0.16552,   0.22249
  -0.70223,   0.16669,   0.22161
  -0.70234,   0.16784,   0.22073
  -0.70243,   0.16899,   0.21986
  -0.70251,   0.17014,   0.21898
  -0.70258,   0.17127,   0.21811
  -0.70263,   0.17240,   0.21725
  -0.70266,   0.17352,   0.21638
  -0.70268,   0.17464,   0.21552
  -0.70269,   0.17574,   0.21466
  -0.70267,   0.17684,   0.21380
  -0.70265,   0.17793,   0.21294
  -0.70261,   0.17901,   0.21209
  -0.70255,   0.18008,   0.21124
  -0.70248,   0.18115,   0.21039
  -0.70239,   0.18220,   0.20955
  -0.70228,   0.18325,   0.20871
  -0.70216,   0.18429,   0.20787
  -0.70203,   0.18532,   0.20703
  -0.70188,   0.18634,   0.20620
  -0.70171,   0.18736,   0.20537
  -0.70153,   0.18836,   0.20454
  -0.70133,   0.18936,   0.20372
  -0.70112,   0.19034,   0.20289
  -0.70089,   0.19132,   0.20208
  -0.70065,   0.19229,   0.20126
  -0.70039,   0.19325,   0.20044
  -0.70011,   0.19420,   0.19963
  -0.69982,   0.19514,   0.19883
  -0.69951,   0.19607,   0.19802
  -0.69919,   0.19699,   0.19722
  -0.69885,   0.19790,   0.19642
  -0.69849,   0.19881,   0.19562
  -0.69812,   0.19970,   0.19483
  -0.69773,   0.20058,   0.19404
  -0.69733,   0.20146,   0.19325
  -0.69691,   0.20232,   0.19246
  -0.69648,   0.20317,   0.19168
  -0.69603,   0.20402,   0.19090
  -0.69556,   0.20485,   0.19012
  -0.69508,   0.20568,   0.18935
  -0.69458,   0.20649,   0.18858
  -0.69406,   0.20729,   0.18781
  -0.69353,   0.20808,   0.18704
  -0.69298,   0.20887,   0.18628
  -0.69242,   0.20964,   0.18552
  -0.69184,   0.21040,   0.18476
  -0.69125,   0.21115,   0.18401
  -0.69064,   0.21189,   0.18326
  -0.69001,   0.21262,   0.18251
  -0.68936,   0.21334,   0.18176
  -0.68871,   0.21404,   0.18102
  -0.68803,   0.21474,   0.18028
  -0.68734,   0.21543,   0.17955
  -0.68663,   0.21610,   0.17881
  -0.68591,   0.21676,   0.17808
  -0.68517,   0.21742,   0.17735
  -0.68441,   0.21806,   0.17663
  -0.68364,   0.21869,   0.17591
  -0.68286,   0.21930,   0.17519
  -0.68205,   0.21991,   0.17447
  -0.68123,   0.22051,   0.17376
  -0.68040,   0.22109,   0.17305
  -0.67955,   0.22166,   0.17234
  -0.67868,   0.22222,   0.17164
  -0.67780,   0.22277,   0.17093
  -0.67690,   0.22331,   0.17024
  -0.67598,   0.22383,   0.16954
  -0.67505,   0.22435,   0.16885
  -0.67410,   0.22485,   0.16816
  -0.67314,   0.22534,   0.16747
  -0.67216,   0.22581,   0.16678
  -0.67117,   0.22628,   0.16610
  -0.67016,   0.22673,   0.16542
  -0.66913,   0.22717,   0.16475
  -0.66809,   0.22760,   0.16407
  -0.66704,   0.22802,   0.16340
  -0.66596,   0.22842,   0.16274
  -0.66487,   0.22881,   0.16207
  -0.66377,   0.22919,   0.16141
  -0.66265,   0.22956,   0.16075
  -0.66151,   0.22991,   0.16010
  -0.66036,   0.23026,   0.15944
  -0.65920,   0.23058,   0.15879
  -0.65802,   0.23090,   0.15815
  -0.65682,   0.23120,   0.15750
  -0.65561,   0.23150,   0.15686
  -0.65438,   0.23177,   0.15622
  -0.65313,   0.23204,   0.15558
  -0.65187,   0.23229,   0.15495
  -0.65060,   0.23253,   0.15432
  -0.64931,   0.23276,   0.15369
  -0.64801,   0.23297,   0.15307
  -0.64669,   0.23317,   0.15244
  -0.64535,   0.23336,   0.15183
  -0.64400,   0.23353,   0.15121
  -0.64264,   0.23370,   0.15059
  -0.64126,   0.23384,   0.14998
  -0.63986,   0.23398,   0.14937
  -0.63845,   0.23410,   0.14877
  -0.63703,   0.23421,   0.14816
  -0.63559,   0.23430,   0.14756
  -0.63414,   0.23439,   0.14697
  -0.63267,   0.23445,   0.14637
  -0.63118,   0.23451,   0.14578
  -0.62968,   0.23455,   0.14519
  -0.62817,   0.23458,   0.14460
  -0.62665,   0.23460,   0.14402
  -0.62510,   0.23460,   0.14344
  -0.62355,   0.23459,   0.14286
  -0.62198,   0.23456,   0.14228
  -0.62039,   0.23452,   0.14171
  -0.61879,   0.23447,   0.14113
  -0.61718,   0.23440,   0.14057
  -0.61556,   0.23432,   0.14000
  -0.61391,   0.23423,   0.13943
  -0.61226,   0.23412,   0.13887
  -0.61059,   0.23400,   0.13832
  -0.60891,   0.23387,   0.13776
  -0.60721,   0.23372,   0.13721
  -0.60550,   0.23356,   0.13665
  -0.60378,   0.23338,   0.13611
  -0.60204,   0.23319,   0.13556
  -0.60029,   0.23299,   0.13502
  -0.59853,   0.23277,   0.13448
  -0.59675,   0.23254,   0.13394
  -0.59496,   0.23230,   0.13340
  -0.59315,   0.23204,   0.13287
  -0.59134,   0.23177,   0.13233
  -0.58951,   0.23148,   0.13181
  -0.58766,   0.23119,   0.13128
  -0.58581,   0.23087,   0.13076
  -0.58394,   0.23055,   0.13023
  -0.58206,   0.23021,   0.12971
  -0.58016,   0.22985,   0.12920
  -0.57826,   0.22948,   0.12868
  -0.57634,   0.22910,   0.12817
  -0.57441,   0.22871,   0.12766
  -0.57246,   0.22830,   0.12715
  -0.57051,   0.22787,   0.12665
  -0.56854,   0.22744,   0.12614
  -0.56656,   0.22698,   0.12564
  -0.56456,   0.22652,   0.12514
  -0.56256,   0.22604,   0.12465
  -0.56054,   0.22555,   0.12415
  -0.55852,   0.22504,   0.12366
  -0.55648,   0.22452,   0.12317
  -0.55442,   0.22399,   0.12268
  -0.55236,   0.22344,   0.12220
  -0.55029,   0.22288,   0.12171
  -0.54820,   0.22231,   0.12123
  -0.54611,   0.22172,   0.12075
  -0.54400,   0.22112,   0.12028
  -0.54188,   0.22051,   0.11980
  -0.53975,   0.21988,   0.11933
  -0.53761,   0.21924,   0.11886
  -0.53546,   0.21858,   0.11839
  -0.53329,   0.21791,   0.11792
  -0.53112,   0.21723,   0.11746
  -0.52894,   0.21653,   0.11700
  -0.52675,   0.21582,   0.11654
  -0.52454,   0.21510,   0.11608
  -0.52233,   0.21436,   0.11562
  -0.52010,   0.21361,   0.11517
  -0.51787,   0.21285,   0.11471
  -0.51563,   0.21207,   0.11426
  -0.51337,   0.21128,   0.11381
  -0.51111,   0.21048,   0.11337
  -0.50884,   0.20966,   0.11292
  -0.50656,   0.20883,   0.11248
  -0.50427,   0.20799,   0.11204
  -0.50197,   0.20714,   0.11160
  -0.49966,   0.20627,   0.11116
  -0.49734,   0.20539,   0.11072
  -0.49501,   0.20449,   0.11029
