# epsilon_xx, epsilon_yy, epsilon_xy
  -0.00000,   0.00000,  -0.00000
   0.00069,   0.00099,   0.00039
   0.00137,   0.00197,   0.00077
   0.00206,   0.00296,   0.00116
   0.00275,   0.00395,   0.00154
   0.00343,   0.00493,   0.00192
   0.00411,   0.00592,   0.00230
   0.00479,   0.00691,   0.00267
   0.00547,   0.00790,   0.00305
   0.00615,   0.00889,   0.00342
   0.00683,   0.00988,   0.00379
   0.00751,   0.01087,   0.00416
   0.00818,   0.01186,   0.00453
   0.00886,   0.01285,   0.00489
   0.00953,   0.01384,   0.00525
   0.01020,   0.01483,   0.00562
   0.01087,   0.01582,   0.00597
   0.01154,   0.01681,   0.00633
   0.01221,   0.01780,   0.00669
   0.01288,   0.01879,   0.00704
   0.01354,   0.01978,   0.00739
   0.01421,   0.02077,   0.00774
   0.01487,   0.02176,   0.00809
   0.01554,   0.02275,   0.00843
   0.01620,   0.02374,   0.00878
   0.01686,   0.02472,   0.00912
   0.01752,   0.02571,   0.00946
   0.01817,   0.02670,   0.00979
   0.01883,   0.02768,   0.01013
   0.01949,   0.02867,   0.01046
   0.02014,   0.02965,   0.01079
   0.02079,   0.03064,   0.01112
   0.02144,   0.03162,   0.01145
   0.02209,   0.03260,   0.01177
   0.02274,   0.03359,   0.01209
   0.02339,   0.03457,   0.01241
   0.02404,   0.03555,   0.01273
   0.02468,   0.03652,   0.01305
   0.02533,   0.03750,   0.01336
   0.02597,   0.03848,   0.01367
   0.02661,   0.03945,   0.01398
   0.02725,   0.04043,   0.01428
   0.02789,   0.04140,   0.01459
   0.02852,   0.04237,   0.01489
   0.02916,   0.04334,   0.01519
   0.02979,   0.04431,   0.01549
   0.03043,   0.04528,   0.01578
   0.03106,   0.04624,   0.01608
   0.03169,   0.04721,   0.01637
   0.03232,   0.04817,   0.01665
   0.03295,   0.04913,   0.01694
   0.03357,   0.05009,   0.01722
   0.03420,   0.05105,   0.01750
   0.03482,   0.05201,   0.01778
   0.03544,   0.05296,   0.01806
   0.03606,   0.05391,   0.01833
   0.03668,   0.05487,   0.01861
   0.03730,   0.05582,   0.01888
   0.03791,   0.05676,   0.01914
   0.03853,   0.05771,   0.01941
   0.03914,   0.05865,   0.01967
   0.03975,   0.05959,   0.01993
   0.04036,   0.06053,   0.02019
   0.04097,   0.06147,   0.02045
   0.04158,   0.06241,   0.02070
   0.04219,   0.06334,   0.02095
   0.04279,   0.06427,   0.02120
   0.04339,   0.06520,   0.02144
   0.04399,   0.06613,   0.02169
   0.04459,   0.06705,   0.02193
   0.04519,   0.06797,   0.02217
   0.04579,   0.06889,   0.02240
   0.04638,   0.06981,   0.02264
   0.04698,   0.07072,   0.02287
   0.04757,   0.07164,   0.02310
   0.04816,   0.07255,   0.02333
   0.04875,   0.07345,   0.02355
   0.04933,   0.07436,   0.02378
   0.04992,   0.07526,   0.02400
   0.05050,   0.07616,   0.02421
   0.05109,   0.07706,   0.02443
   0.05167,   0.07795,   0.02464
   0.05225,   0.07884,   0.02485
   0.05282,   0.07973,   0.02506
   0.05340,   0.08062,   0.02527
   0.05397,   0.08150,   0.02547
   0.05455,   0.08238,   0.02567
   0.05512,   0.08326,   0.02587
   0.05569,   0.08414,   0.02607
   0.05625,   0.08501,   0.02626
   0.05682,   0.08588,   0.02645
   0.05738,   0.08674,   0.02664
   0.05795,   0.08761,   0.02683
   0.05851,   0.08847,   0.02701
   0.05906,   0.08932,   0.02720
   0.05962,   0.09018,   0.02738
   0.06018,   0.09103,   0.02755
   0.06073,   0.09187,   0.02773
   0.06128,   0.09272,   0.02790
   0.06183,   0.09356,   0.02807
   0.06238,   0.09440,   0.02824
   0.06293,   0.09523,   0.02841
   0.06348,   0.09607,   0.02857
   0.06402,   0.09689,   0.02874
   0.06456,   0.09772,   0.02890
   0.06510,   0.09854,   0.02905
   0.06564,   0.09936,   0.02921
   0.06617,   0.10018,   0.02936
   0.06671,   0.10099,   0.02951
   0.06724,   0.10180,   0.02966
   0.06777,   0.10260,   0.02981
   0.06830,   0.10340,   0.02995
   0.06883,   0.10420,   0.03009
   0.06936,   0.10499,   0.03023
   0.06988,   0.10579,   0.03037
   0.07040,   0.10657,   0.03050
   0.07092,   0.10736,   0.03064
   0.07144,   0.10814,   0.03077
   0.07196,   0.10892,   0.03089
   0.07247,   0.10969,   0.03102
   0.07299,   0.11046,   0.03115
   0.07350,   0.11122,   0.03127
   0.07401,   0.11199,   0.03139
   0.07451,   0.11275,   0.03150
   0.07502,   0.11350,   0.03162
   0.07552,   0.11425,   0.03173
   0.07602,   0.11500,   0.03185
   0.07653,   0.11574,   0.03195
   0.07702,   0.11649,   0.03206
   0.07752,   0.11722,   0.03217
   0.07801,   0.11795,   0.03227
   0.07851,   0.11868,   0.03237
   0.07900,   0.11941,   0.03247
   0.07949,   0.12013,   0.03257
   0.07997,   0.12085,   0.03266
   0.08046,   0.12156,   0.03276
   0.08094,   0.12227,   0.03285
   0.08143,   0.12298,   0.03294
   0.08190,   0.12368,   0.03302
   0.08238,   0.12438,   0.03311
   0.08286,   0.12507,   0.03319
   0.08333,   0.12576,   0.03327
   0.08381,   0.12645,   0.03335
   0.08428,   0.12713,   0.03343
   0.08474,   0.12781,   0.03351
   0.08521,   0.12849,   0.03358
   0.08568,   0.12916,   0.03365
   0.08614,   0.12982,   0.03372
   0.08660,   0.13049,   0.03379
   0.08706,   0.13115,   0.03385
   0.08752,   0.13180,   0.03392
   0.08797,   0.13245,   0.03398
   0.08843,   0.13310,   0.03404
   0.08888,   0.13374,   0.03410
   0.08933,   0.13438,   0.03416
   0.08978,   0.13502,   0.03421
   0.09022,   0.13565,   0.03427
   0.09067,   0.13627,   0.03432
   0.09111,   0.13690,   0.03437
   0.09155,   0.13752,   0.03442
   0.09199,   0.13813,   0.03446
   0.09243,   0.13874,   0.03451
   0.09286,   0.13935,   0.03455
   0.09330,   0.13995,   0.03459
   0.09373,   0.14055,   0.03463
   0.09416,   0.14114,   0.03467
   0.09458,   0.14173,   0.03471
   0.09501,   0.14232,   0.03474
   0.09543,   0.14290,   0.03478
   0.09586,   0.14348,   0.03481
   0.09628,   0.14405,   0.03484
   0.09670,   0.14462,   0.03487
   0.09711,   0.14519,   0.03489
   0.09753,   0.14575,   0.03492
   0.09794,   0.14631,   0.03494
   0.09835,   0.14686,   0.03497
   0.09876,   0.14741,   0.03499
   0.09917,   0.14796,   0.03501
   0.09958,   0.14850,   0.03502
   0.09998,   0.14904,   0.03504
   0.10039,   0.14957,   0.03506
   0.10079,   0.15010,   0.03507
   0.10119,   0.15063,   0.03508
   0.10158,   0.15115,   0.03509
   0.10198,   0.15166,   0.03510
   0.10237,   0.15218,   0.03511
   0.10277,   0.15269,   0.03512
   0.10316,   0.15319,   0.03512
   0.10355,   0.15369,   0.03512
   0.10393,   0.15419,   0.03513
   0.10432,   0.15468,   0.03513
   0.10470,   0.15517,   0.03513
   0.10508,   0.15565,   0.03513
   0.10547,   0.15613,   0.03512
   0.10584,   0.15661,   0.03512
   0.10622,   0.15708,   0.03511
   0.10660,   0.15755,   0.03511
   0.10697,   0.15801,   0.03510
   0.10734,   0.15847,   0.03509
   0.10771,   0.15893,   0.03508
   0.10808,   0.15938,   0.03507
   0.10845,   0.15983,   0.03505
   0.10882,   0.16027,   0.03504
   0.10918,   0.16072,   0.03503
   0.10954,   0.16115,   0.03501
   0.10990,   0.16158,   0.03499
   0.11026,   0.16201,   0.03497
   0.11062,   0.16244,   0.03495
   0.11098,   0.16286,   0.03493
   0.11133,   0.16327,   0.03491
   0.11169,   0.16368,   0.03489
   0.11204,   0.16409,   0.03486
   0.11239,   0.16450,   0.03484
   0.11274,   0.16490,   0.03481
   0.11309,   0.16530,   0.03478
   0.11343,   0.16569,   0.03476
   0.11378,   0.16608,   0.03473
   0.11412,   0.16646,   0.03470
   0.11446,   0.16684,   0.03466
   0.11480,   0.16722,   0.03463
   0.11514,   0.16759,   0.03460
   0.11548,   0.16796,   0.03456
   0.11581,   0.16833,   0.03453
   0.11615,   0.16869,   0.03449
   0.11648,   0.16905,   0.03446
   0.11681,   0.16940,   0.03442
   0.11715,   0.16975,   0.03438
   0.11748,   0.17010,   0.03434
   0.11780,   0.17044,   0.03430
   0.11813,   0.17078,   0.03426
   0.11846,   0.17112,   0.03421
   0.11878,   0.17145,   0.03417
   0.11910,   0.17178,   0.03413
   0.11943,   0.17210,   0.03408
   0.11975,   0.17242,   0.03403
   0.12007,   0.17274,   0.03399
   0.12038,   0.17305,   0.03394
   0.12070,   0.17336,   0.03389
   0.12102,   0.17367,   0.03384
   0.12133,   0.17397,   0.03379
   0.12165,   0.17427,   0.03374
   0.12196,   0.17456,   0.03369
   0.12227,   0.17486,   0.03364
   0.12258,   0.17514,   0.03358
   0.12289,   0.17543,   0.03353
   0.12320,   0.17571,   0.03347
   0.12350,   0.17599,   0.03342
   0.12381,   0.17626,   0.03336
   0.12412,   0.17653,   0.03330
   0.12442,   0.17680,   0.03325
   0.12472,   0.17706,   0.03319
   0.12503,   0.17732,   0.03313
   0.12533,   0.17758,   0.03307
   0.12563,   0.17783,   0.03301
   0.12593,   0.17808,   0.03295
   0.12623,   0.17832,   0.03289
   0.12652,   0.17857,   0.03282
   0.12682,   0.17880,   0.03276
   0.12712,   0.17904,   0.03270
   0.12741,   0.17927,   0.03263
   0.12771,   0.17950,   0.03257
   0.12800,   0.17973,   0.03250
   0.12829,   0.17995,   0.03243
   0.12858,   0.18017,   0.03237
   0.12888,   0.18039,   0.03230
   0.12917,   0.18060,   0.03223
   0.12946,   0.18081,   0.03216
   0.12975,   0.18101,   0.03209
   0.13003,   0.18122,   0.03202
   0.13032,   0.18142,   0.03195
   0.13061,   0.18161,   0.03188
   0.13090,   0.18181,   0.03180
   0.13118,   0.18200,   0.03173
   0.13147,   0.18218,   0.03166
   0.13175,   0.18237,   0.03158
   0.13204,   0.18255,   0.03151
   0.13232,   0.18273,   0.03143
   0.13260,   0.18290,   0.03136
   0.13289,   0.18307,   0.03128
   0.13317,   0.18324,   0.03120
   0.13345,   0.18341,   0.03113
   0.13373,   0.18357,   0.03105
   0.13401,   0.18373,   0.03097
   0.13429,   0.18388,   0.03089
   0.13457,   0.18404,   0.03081
   0.13485,   0.18419,   0.03073
   0.13513,   0.18434,   0.03065
   0.13541,   0.18448,   0.03057
   0.13569,   0.18462,   0.03048
   0.13597,   0.18476,   0.03040
   0.13625,   0.18490,   0.03032
   0.13653,   0.18503,   0.03023
   0.13681,   0.18516,   0.03015
   0.13708,   0.18529,   0.03006
   0.13736,   0.18541,   0.02998
   0.13764,   0.18554,   0.02989
   0.13792,   0.18566,   0.02980
   0.13819,   0.18577,   0.02972
   0.13847,   0.18589,   0.02963
   0.13875,   0.18600,   0.02954
   0.13903,   0.18611,   0.02945
   0.13930,   0.18621,   0.02936
   0.13958,   0.18632,   0.02927
   0.13986,   0.18642,   0.02918
   0.14013,   0.18651,   0.02909
   0.14041,   0.18661,   0.02899
   0.14069,   0.18670,   0.02890
   0.14096,   0.18679,   0.02881
   0.14124,   0.18688,   0.02871
   0.14152,   0.18696,   0.02862
   0.14180,   0.18705,   0.02852
   0.14207,   0.18713,   0.02843
   0.14235,   0.18720,   0.02833
   0.14263,   0.18728,   0.02823
   0.14291,   0.18735,   0.02814
   0.14319,   0.18742,   0.02804
   0.14347,   0.18749,   0.02794
   0.14374,   0.18755,   0.02784
   0.14402,   0.18762,   0.02774
   0.14430,   0.18768,   0.02764
   0.14458,   0.18773,   0.02754
   0.14486,   0.18779,   0.02743
   0.14514,   0.18784,   0.02733
   0.14543,   0.18789,   0.02723
   0.14571,   0.18794,   0.02712
   0.14599,   0.18799,   0.02702
   0.14627,   0.18803,   0.02691
   0.14655,   0.18807,   0.02680
   0.14684,   0.18811,   0.02670
   0.14712,   0.18815,   0.02659
   0.14741,   0.18819,   0.02648
   0.14769,   0.18822,   0.02637
   0.14798,   0.18825,   0.02626
   0.14826,   0.18828,   0.02615
   0.14855,   0.18830,   0.02604
   0.14884,   0.18833,   0.02593
   0.14913,   0.18835,   0.02581
   0.14941,   0.18837,   0.02570
   0.14970,   0.18839,   0.02558
   0.14999,   0.18840,   0.02547
   0.15029,   0.18842,   0.02535
   0.15058,   0.18843,   0.02524
   0.15087,   0.18844,   0.02512
   0.15116,   0.18845,   0.02500
   0.15146,   0.18845,   0.02488
   0.15175,   0.18845,   0.02476
   0.15205,   0.18846,   0.02464
   0.15234,   0.18846,   0.02452
   0.15264,   0.18845,   0.02439
   0.15294,   0.18845,   0.02427
   0.15324,   0.18844,   0.02414
   0.15354,   0.18843,   0.02402
   0.15384,   0.18842,   0.02389
   0.15414,   0.18841,   0.02376
   0.15445,   0.18840,   0.02364
   0.15475,   0.18838,   0.02351
   0.15506,   0.18836,   0.02338
   0.15536,   0.18834,   0.02325
   0.15567,   0.18832,   0.02311
   0.15598,   0.18830,   0.02298
   0.15629,   0.18827,   0.02285
   0.15660,   0.18825,   0.02271
   0.15691,   0.18822,   0.02257
   0.15723,   0.18819,   0.02244
   0.15754,   0.18815,   0.02230
   0.15786,   0.18812,   0.02216
   0.15817,   0.18808,   0.02202
   0.15849,   0.18805,   0.02188
   0.15881,   0.18801,   0.02173
   0.15913,   0.18797,   0.02159
   0.15945,   0.18792,   0.02145
   0.15978,   0.18788,   0.02130
   0.16010,   0.18783,   0.02115
   0.16043,   0.18778,   0.02100
   0.16075,   0.18773,   0.02086
   0.16108,   0.18768,   0.02070
   0.16141,   0.18763,   0.02055
   0.16174,   0.18757,   0.02040
   0.16208,   0.18752,   0.02025
   0.16241,   0.18746,   0.02009
   0.16275,   0.18740,   0.01993
   0.16309,   0.18734,   0.01978
   0.16342,   0.18728,   0.01962
   0.16377,   0.18721,   0.01946
   0.16411,   0.18715,   0.01929
   0.16445,   0.18708,   0.01913
   0.16480,   0.18701,   0.01897
   0.16514,   0.18694,   0.01880
   0.16549,   0.18687,   0.01863
   0.16584,   0.18679,   0.01847
   0.16619,   0.18672,   0.01830
   0.16655,   0.18664,   0.01812
   0.16690,   0.18656,   0.01795
   0.16726,   0.18648,   0.01778
   0.16762,   0.18640,   0.01760
   0.16798,   0.18632,   0.01742
   0.16834,   0.18623,   0.01725
   0.16870,   0.18615,   0.01707
   0.16907,   0.18606,   0.01689
   0.16944,   0.18597,   0.01670
   0.16980,   0.18588,   0.01652
   0.17018,   0.18579,   0.01633
   0.17055,   0.18570,   0.01614
   0.17092,   0.18560,   0.01596
   0.17130,   0.18550,   0.01576
   0.17168,   0.18541,   0.01557
   0.17206,   0.18531,   0.01538
   0.17244,   0.18521,   0.01518
   0.17282,   0.18510,   0.01499
   0.17321,   0.18500,   0.01479
   0.17360,   0.18490,   0.01459
   0.17399,   0.18479,   0.01438
   0.17438,   0.18468,   0.01418
   0.17477,   0.18457,   0.01398
   0.17517,   0.18446,   0.01377
   0.17556,   0.18435,   0.01356
   0.17596,   0.18423,   0.01335
   0.17637,   0.18412,   0.01314
   0.17677,   0.18400,   0.01292
   0.17718,   0.18388,   0.01271
   0.17758,   0.18377,   0.01249
   0.17799,   0.18364,   0.01227
   0.17841,   0.18352,   0.01205
   0.17882,   0.18340,   0.01182
   0.17924,   0.18327,   0.01160
   0.17965,   0.18315,   0.01137
   0.18007,   0.18302,   0.01114
   0.18050,   0.18289,   0.01091
   0.18092,   0.18276,   0.01068
   0.18135,   0.18263,   0.01044
   0.18178,   0.18249,   0.01021
   0.18221,   0.18236,   0.00997
   0.18264,   0.18222,   0.00973
   0.18308,   0.18208,   0.00948
   0.18352,   0.18195,   0.00924
   0.18396,   0.18181,   0.00899
   0.18440,   0.18166,   0.00874
   0.18484,   0.18152,   0.00849
   0.18529,   0.18138,   0.00824
   0.18574,   0.18123,   0.00798
   0.18619,   0.18108,   0.00772
   0.18665,   0.18093,   0.00747
   0.18710,   0.18078,   0.00720
   0.18756,   0.18063,   0.00694
   0.18802,   0.18048,   0.00667
   0.18848,   0.18032,   0.00641
   0.18895,   0.18017,   0.00614
   0.18942,   0.18001,   0.00586
   0.18989,   0.17985,   0.00559
   0.19036,   0.17969,   0.00531
   0.19083,   0.17953,   0.00503
   0.19131,   0.17936,   0.00475
   0.19179,   0.17920,   0.00447
   0.19227,   0.17903,   0.00418
   0.19276,   0.17886,   0.00389
   0.19324,   0.17869,   0.00360
   0.19373,   0.17852,   0.00331
   0.19422,   0.17835,   0.00301
   0.19472,   0.17818,   0.00272
   0.19521,   0.17800,   0.00242
   0.19571,   0.17782,   0.00211
   0.19621,   0.17765,   0.00181
   0.19672,   0.17747,   0.00150
   0.19722,   0.17728,   0.00119
   0.19773,   0.17710,   0.00088
   0.19824,   0.17692,   0.00057
   0.19876,   0.17673,   0.00025
   0.19927,   0.17654,  -0.00007
   0.19979,   0.17636,  -0.00039
   0.20031,   0.17616,  -0.00072
   0.20084,   0.17597,  -0.00104
   0.20136,   0.17578,  -0.00137
   0.20189,   0.17558,  -0.00170
   0.20242,   0.17539,  -0.00204
   0.20296,   0.17519,  -0.00238
   0.20349,   0.17499,  -0.00272
   0.20403,   0.17479,  -0.00306
   0.20457,   0.17458,  -0.00340
   0.20511,   0.17438,  -0.00375
   0.20566,   0.17417,  -0.00410
   0.20621,   0.17396,  -0.00445
   0.20676,   0.17375,  -0.00481
   0.20731,   0.17354,  -0.00516
   0.20787,   0.17333,  -0.00553
   0.20843,   0.17311,  -0.00589
   0.20899,   0.17290,  -0.00625
   0.20955,   0.17268,  -0.00662
   0.21012,   0.17246,  -0.00699
   0.21069,   0.17224,  -0.00737
   0.21126,   0.17202,  -0.00774
   0.21183,   0.17179,  -0.00812
   0.21241,   0.17156,  -0.00850
   0.21299,   0.17133,  -0.00889
   0.21357,   0.17110,  -0.00928
   0.21415,   0.17087,  -0.00967
   0.21474,   0.17064,  -0.01006
   0.21533,   0.17040,  -0.01045
   0.21592,   0.17017,  -0.01085
   0.21651,   0.16993,  -0.01125
   0.21711,   0.16969,  -0.01166
   0.21771,   0.16944,  -0.01206
   0.21831,   0.16920,  -0.01247
   0.21891,   0.16895,  -0.01289
   0.21952,   0.16870,  -0.01330
   0.22013,   0.16845,  -0.01372
   0.22074,   0.16820,  -0.01414
   0.22136,   0.16795,  -0.01456
   0.22197,   0.16769,  -0.01499
   0.22259,   0.16743,  -0.01542
   0.22321,   0.16717,  -0.01585
   0.22384,   0.16691,  -0.01629
   0.22447,   0.16665,  -0.01672
   0.22510,   0.16638,  -0.01717
   0.22573,   0.16611,  -0.01761
   0.22636,   0.16584,  -0.01806
   0.22700,   0.16557,  -0.01850
   0.22764,   0.16530,  -0.01896
   0.22828,   0.16502,  -0.01941
   0.22893,   0.16474,  -0.01987
   0.22957,   0.16446,  -0.02033
   0.23022,   0.16418,  -0.02080
   0.23087,   0.16390,  -0.02126
   0.23153,   0.16361,  -0.02173
   0.23219,   0.16332,  -0.02220
   0.23285,   0.16303,  -0.02268
   0.23351,   0.16274,  -0.02316
   0.23417,   0.16244,  -0.02364
   0.23484,   0.16215,  -0.02412
   0.23551,   0.16185,  -0.02461
   0.23618,   0.16154,  -0.02510
   0.23685,   0.16124,  -0.02560
   0.23753,   0.16093,  -0.02609
   0.23821,   0.16063,  -0.02659
   0.23889,   0.16032,  -0.02709
   0.23958,   0.16000,  -0.02760
   0.24026,   0.15969,  -0.02811
   0.24095,   0.15937,  -0.02862
   0.24164,   0.15905,  -0.02913
   0.24234,   0.15873,  -0.02965
   0.24303,   0.15841,  -0.03017
   0.24373,   0.15808,  -0.03069
   0.24443,   0.15775,  -0.03122
   0.24514,   0.15742,  -0.03174
   0.24584,   0.15708,  -0.03228
   0.24655,   0.15675,  -0.03281
   0.24726,   0.15641,  -0.03335
   0.24797,   0.15607,  -0.03389
   0.24869,   0.15573,  -0.03443
   0.24940,   0.15538,  -0.03498
   0.25012,   0.15503,  -0.03553
   0.25085,   0.15468,  -0.03608
   0.25157,   0.15433,  -0.03664
   0.25230,   0.15397,  -0.03720
   0.25303,   0.15361,  -0.03776
   0.25376,   0.15325,  -0.03832
   0.25449,   0.15289,  -0.03889
   0.25523,   0.15252,  -0.03946
   0.25596,   0.15215,  -0.04003
   0.25670,   0.15178,  -0.04061
   0.25745,   0.15141,  -0.04119
   0.25819,   0.15103,  -0.04177
   0.25894,   0.15065,  -0.04235
   0.25969,   0.15027,  -0.04294
   0.26044,   0.14988,  -0.04353
   0.26119,   0.14950,  -0.04413
   0.26195,   0.14911,  -0.04472
   0.26270,   0.14871,  -0.04532
   0.26346,   0.14832,  -0.04593
   0.26423,   0.14792,  -0.04653
   0.26499,   0.14752,  -0.04714
   0.26576,   0.14711,  -0.04775
   0.26652,   0.14671,  -0.04837
   0.26730,   0.14630,  -0.04898
   0.26807,   0.14589,  -0.04960
   0.26884,   0.14547,  -0.05023
   0.26962,   0.14505,  -0.05085
   0.27040,   0.14463,  -0.05148
   0.27118,   0.14421,  -0.05211
   0.27196,   0.14378,  -0.05275
   0.27275,   0.14335,  -0.05338
   0.27353,   0.14292,  -0.05402
   0.27432,   0.14248,  -0.05467
   0.27511,   0.14204,  -0.05531
   0.27590,   0.14160,  -0.05596
   0.27670,   0.14116,  -0.05661
   0.27750,   0.14071,  -0.05727
   0.27829,   0.14026,  -0.05793
   0.27910,   0.13981,  -0.05859
   0.27990,   0.13935,  -0.05925
   0.28070,   0.13889,  -0.05991
   0.28151,   0.13843,  -0.06058
   0.28232,   0.13796,  -0.06125
   0.28313,   0.13749,  -0.06193
   0.28394,   0.13702,  -0.06261
   0.28475,   0.13655,  -0.06329
   0.28557,   0.13607,  -0.06397
   0.28638,   0.13559,  -0.06465
   0.28720,   0.13510,  -0.06534
   0.28802,   0.13462,  -0.06603
   0.28884,   0.13413,  -0.06673
   0.28967,   0.13363,  -0.06742
   0.29049,   0.13314,  -0.06812
   0.29132,   0.13264,  -0.06882
   0.29215,   0.13213,  -0.06953
   0.29298,   0.13163,  -0.07023
   0.29381,   0.13112,  -0.07094
   0.29465,   0.13060,  -0.07166
   0.29548,   0.13009,  -0.07237
   0.29632,   0.12957,  -0.07309
   0.29716,   0.12904,  -0.07381
   0.29800,   0.12852,  -0.07453
   0.29884,   0.12799,  -0.07526
   0.29969,   0.12745,  -0.07599
   0.30053,   0.12692,  -0.07672
   0.30138,   0.12638,  -0.07745
   0.30223,   0.12584,  -0.07819
   0.30308,   0.12529,  -0.07893
   0.30393,   0.12474,  -0.07967
   0.30478,   0.12419,  -0.08041
   0.30563,   0.12363,  -0.08116
   0.30649,   0.12307,  -0.08191
   0.30735,   0.12251,  -0.08266
   0.30820,   0.12194,  -0.08341
   0.30906,   0.12137,  -0.08417
   0.30992,   0.12080,  -0.08493
   0.31079,   0.12022,  -0.08569
   0.31165,   0.11964,  -0.08645
   0.31252,   0.11905,  -0.08722
   0.31338,   0.11847,  -0.08799
   0.31425,   0.11788,  -0.08876
   0.31512,   0.11728,  -0.08953
   0.31599,   0.11668,  -0.09031
   0.31686,   0.11608,  -0.09109
   0.31773,   0.11548,  -0.09187
   0.31860,   0.11487,  -0.09265
   0.31948,   0.11426,  -0.09344
   0.32035,   0.11364,  -0.09423
   0.32123,   0.11302,  -0.09502
   0.32211,   0.11240,  -0.09581
   0.32299,   0.11177,  -0.09661
   0.32387,   0.11114,  -0.09740
   0.32475,   0.11051,  -0.09820
   0.32563,   0.10987,  -0.09901
   0.32651,   0.10923,  -0.09981
   0.32740,   0.10859,  -0.10062
   0.32828,   0.10794,  -0.10143
   0.32917,   0.10729,  -0.10224
   0.33006,   0.10664,  -0.10305
   0.33095,   0.10598,  -0.10387
   0.33183,   0.10532,  -0.10468
   0.33272,   0.10465,  -0.10550
   0.33361,   0.10398,  -0.10633
   0.33451,   0.10331,  -0.10715
   0.33540,   0.10263,  -0.10798
   0.33629,   0.10195,  -0.10881
   0.33718,   0.10127,  -0.10964
   0.33808,   0.10058,  -0.11047
   0.33897,   0.09989,  -0.11131
   0.33987,   0.09920,  -0.11214
   0.34077,   0.09850,  -0.11298
   0.34166,   0.09780,  -0.11383
   0.34256,   0.09709,  -0.11467
   0.34346,   0.09638,  -0.11552
   0.34436,   0.09567,  -0.11636
   0.34526,   0.09495,  -0.11721
   0.34616,   0.09423,  -0.11807
   0.34706,   0.09351,  -0.11892
   0.34796,   0.09278,  -0.11978
   0.34887,   0.09205,  -0.12063
   0.34977,   0.09131,  -0.12149
   0.35067,   0.09058,  -0.12236
   0.35158,   0.08983,  -0.12322
   0.35248,   0.08909,  -0.12409
   0.35338,   0.08834,  -0.12495
   0.35429,   0.08759,  -0.12582
   0.35519,   0.08683,  -0.12669
   0.35610,   0.08607,  -0.12757
   0.35701,   0.08530,  -0.12844
   0.35791,   0.08454,  -0.12932
   0.35882,   0.08377,  -0.13020
   0.35973,   0.08299,  -0.13108
   0.36063,   0.08221,  -0.13196
   0.36154,   0.08143,  -0.13285
   0.36245,   0.08064,  -0.13374
   0.36336,   0.07985,  -0.13462
   0.36426,   0.07906,  -0.13551
   0.36517,   0.07826,  -0.13641
   0.36608,   0.07746,  -0.13730
   0.36699,   0.07666,  -0.13820
   0.36790,   0.07585,  -0.13909
   0.36880,   0.07504,  -0.13999
   0.36971,   0.07423,  -0.14089
   0.37062,   0.07341,  -0.14180
   0.37153,   0.07259,  -0.14270
   0.37244,   0.07176,  -0.14361
   0.37335,   0.07093,  -0.14451
   0.37426,   0.07010,  -0.14542
   0.37516,   0.06926,  -0.14633
   0.37607,   0.06842,  -0.14725
   0.37698,   0.06758,  -0.14816
   0.37789,   0.06673,  -0.14908
   0.37880,   0.06588,  -0.15000
   0.37970,   0.06503,  -0.15091
   0.38061,   0.06417,  -0.15184
   0.38152,   0.06331,  -0.15276
   0.38243,   0.06244,  -0.15368
   0.38333,   0.06158,  -0.15461
   0.38424,   0.06070,  -0.15553
   0.38514,   0.05983,  -0.15646
   0.38605,   0.05895,  -0.15739
   0.38696,   0.05807,  -0.15833
   0.38786,   0.05718,  -0.15926
   0.38876,   0.05630,  -0.16019
   0.38967,   0.05540,  -0.16113
   0.39057,   0.05451,  -0.16207
   0.39148,   0.05361,  -0.16301
   0.39238,   0.05271,  -0.16395
   0.39328,   0.05180,  -0.16489
   0.39418,   0.05089,  -0.16583
   0.39508,   0.04998,  -0.16678
   0.39598,   0.04906,  -0.16773
   0.39688,   0.04814,  -0.16867
   0.39778,   0.04722,  -0.16962
   0.39868,   0.04629,  -0.17057
   0.39958,   0.04537,  -0.17153
   0.40048,   0.04443,  -0.17248
   0.40137,   0.04350,  -0.17344
   0.40227,   0.04256,  -0.17439
   0.40316,   0.04162,  -0.17535
   0.40406,   0.04067,  -0.17631
   0.40495,   0.03972,  -0.17727
   0.40584,   0.03877,  -0.17823
   0.40674,   0.03781,  -0.17919
   0.40763,   0.03686,  -0.18016
   0.40852,   0.03589,  -0.18113
   0.40941,   0.03493,  -0.18209
   0.41029,   0.03396,  -0.18306
   0.41118,   0.03299,  -0.18403
   0.41207,   0.03202,  -0.18500
   0.41295,   0.03104,  -0.18597
   0.41384,   0.03006,  -0.18695
   0.41472,   0.02908,  -0.18792
   0.41560,   0.02809,  -0.18890
   0.41648,   0.02710,  -0.18988
   0.41736,   0.02611,  -0.19086
   0.41824,   0.02512,  -0.19184
   0.41912,   0.02412,  -0.19282
   0.42000,   0.02312,  -0.19380
   0.42087,   0.02211,  -0.19478
   0.42175,   0.02111,  -0.19577
   0.42262,   0.02010,  -0.19675
   0.42349,   0.01909,  -0.19774
   0.42436,   0.01807,  -0.19873
   0.42523,   0.01705,  -0.19972
   0.42610,   0.01603,  -0.20071
   0.42697,   0.01501,  -0.20170
   0.42783,   0.01398,  -0.20269
   0.42869,   0.01295,  -0.20369
   0.42956,   0.01192,  -0.20468
   0.43042,   0.01089,  -0.20568
   0.43128,   0.00985,  -0.20668
   0.43213,   0.00881,  -0.20768
   0.43299,   0.00777,  -0.20868
   0.43385,   0.00672,  -0.20968
   0.43470,   0.00568,  -0.21068
   0.43555,   0.00463,  -0.21168
   0.43640,   0.00358,  -0.21269
   0.43725,   0.00252,  -0.21369
   0.43810,   0.00146,  -0.21470
   0.43894,   0.00040,  -0.21571
   0.43978,  -0.00066,  -0.21671
   0.44063,  -0.00172,  -0.21772
   0.44147,  -0.00279,  -0.21873
   0.44231,  -0.00386,  -0.21975
   0.44314,  -0.00493,  -0.22076
   0.44398,  -0.00601,  -0.22177
   0.44481,  -0.00708,  -0.22279
   0.44564,  -0.00816,  -0.22380
   0.44647,  -0.00924,  -0.22482
   0.44730,  -0.01032,  -0.22584
   0.44812,  -0.01141,  -0.22686
   0.44895,  -0.01250,  -0.22788
   0.44977,  -0.01358,  -0.22890
   0.45059,  -0.01468,  -0.22992
   0.45141,  -0.01577,  -0.23094
   0.45222,  -0.01686,  -0.23197
   0.45304,  -0.01796,  -0.23299
   0.45385,  -0.01906,  -0.23402
   0.45466,  -0.02016,  -0.23505
   0.45547,  -0.02127,  -0.23607
   0.45627,  -0.02237,  -0.23710
   0.45708,  -0.02348,  -0.23813
   0.45788,  -0.02459,  -0.23916
   0.45868,  -0.02570,  -0.24020
   0.45947,  -0.02681,  -0.24123
   0.46027,  -0.02792,  -0.24226
   0.46106,  -0.02904,  -0.24330
   0.46185,  -0.03016,  -0.24433
   0.46264,  -0.03128,  -0.24537
   0.46343,  -0.03240,  -0.24641
   0.46421,  -0.03352,  -0.24745
   0.46499,  -0.03464,  -0.24848
   0.46577,  -0.03577,  -0.24952
   0.46655,  -0.03690,  -0.25057
   0.46732,  -0.03803,  -0.25161
   0.46809,  -0.03916,  -0.25265
   0.46886,  -0.04029,  -0.25369
   0.46963,  -0.04142,  -0.25474
   0.47039,  -0.04255,  -0.25578
   0.47116,  -0.04369,  -0.25683
   0.47191,  -0.04483,  -0.25788
   0.47267,  -0.04597,  -0.25893
   0.47343,  -0.04710,  -0.25998
   0.47418,  -0.04824,  -0.26103
   0.47493,  -0.04939,  -0.26208
   0.47567,  -0.05053,  -0.26313
   0.47642,  -0.05167,  -0.26418
   0.47716,  -0.05282,  -0.26523
   0.47790,  -0.05396,  -0.26629
   0.47863,  -0.05511,  -0.26734
   0.47937,  -0.05626,  -0.26840
   0.48010,  -0.05741,  -0.26945
   0.48083,  -0.05856,  -0.27051
   0.48155,  -0.05971,  -0.27157
   0.48227,  -0.06086,  -0.27263
   0.48299,  -0.06201,  -0.27369
   0.48371,  -0.06317,  -0.27475
   0.48442,  -0.06432,  -0.27581
   0.48514,  -0.06547,  -0.27687
   0.48584,  -0.06663,  -0.27793
   0.48655,  -0.06779,  -0.27900
   0.48725,  -0.06894,  -0.28006
   0.48795,  -0.07010,  -0.28113
   0.48865,  -0.07126,  -0.28219
   0.48934,  -0.07241,  -0.28326
   0.49003,  -0.07357,  -0.28433
   0.49072,  -0.07473,  -0.28539
   0.49140,  -0.07589,  -0.28646
   0.49209,  -0.07705,  -0.28753
   0.49276,  -0.07821,  -0.28860
   0.49344,  -0.07937,  -0.28967
   0.49411,  -0.08053,  -0.29074
   0.49478,  -0.08169,  -0.29181
   0.49545,  -0.08285,  -0.29289
   0.49611,  -0.08401,  -0.29396
   0.49677,  -0.08518,  -0.29503
   0.49743,  -0.08634,  -0.29611
   0.49808,  -0.08750,  -0.29718
   0.49873,  -0.08866,  -0.29826
   0.49938,  -0.08982,  -0.29934
   0.50002,  -0.09098,  -0.30041
   0.50066,  -0.09214,  -0.30149
   0.50130,  -0.09330,  -0.30257
   0.50193,  -0.09447,  -0.30365
   0.50256,  -0.09563,  -0.30473
   0.50319,  -0.09679,  -0.30581
   0.50382,  -0.09795,  -0.30689
   0.50444,  -0.09911,  -0.30797
   0.50505,  -0.10027,  -0.30905
   0.50567,  -0.10143,  -0.31013
   0.50628,  -0.10258,  -0.31121
   0.50688,  -0.10374,  -0.31229
   0.50749,  -0.10490,  -0.31338
   0.50809,  -0.10606,  -0.31446
   0.50868,  -0.10722,  -0.31555
   0.50928,  -0.10837,  -0.31663
   0.50987,  -0.10953,  -0.31771
   0.51045,  -0.11068,  -0.31880
   0.51103,  -0.11184,  -0.31989
   0.51161,  -0.11299,  -0.32097
   0.51219,  -0.11414,  -0.32206
   0.51276,  -0.11529,  -0.32315
   0.51333,  -0.11644,  -0.32423
   0.51389,  -0.11760,  -0.32532
   0.51445,  -0.11874,  -0.32641
   0.51501,  -0.11989,  -0.32750
   0.51556,  -0.12104,  -0.32858
   0.51611,  -0.12219,  -0.32967
   0.51666,  -0.12333,  -0.33076
   0.51720,  -0.12448,  -0.33185
   0.51774,  -0.12562,  -0.33294
   0.51828,  -0.12676,  -0.33403
   0.51881,  -0.12790,  -0.33512
   0.51933,  -0.12904,  -0.33621
   0.51986,  -0.13018,  -0.33730
   0.52038,  -0.13131,  -0.33839
   0.52089,  -0.13245,  -0.33948
   0.52141,  -0.13358,  -0.34057
   0.52191,  -0.13472,  -0.34166
   0.52242,  -0.13585,  -0.34275
   0.52292,  -0.13698,  -0.34384
   0.52342,  -0.13811,  -0.34493
   0.52391,  -0.13923,  -0.34602
   0.52440,  -0.14036,  -0.34711
   0.52488,  -0.14148,  -0.34820
   0.52536,  -0.14260,  -0.34929
   0.52584,  -0.14372,  -0.35038
   0.52631,  -0.14484,  -0.35147
   0.52678,  -0.14596,  -0.35257
   0.52725,  -0.14707,  -0.35365
   0.52771,  -0.14818,  -0.35474
   0.52816,  -0.14930,  -0.35583
   0.52862,  -0.15040,  -0.35692
   0.52907,  -0.15151,  -0.35801
   0.52951,  -0.15262,  -0.35910
   0.52995,  -0.15372,  -0.36019
   0.53039,  -0.15482,  -0.36128
   0.53082,  -0.15592,  -0.36237
   0.53125,  -0.15702,  -0.36345
   0.53167,  -0.15811,  -0.36454
   0.53209,  -0.15920,  -0.36563
   0.53251,  -0.16029,  -0.36671
   0.53292,  -0.16138,  -0.36780
   0.53333,  -0.16247,  -0.36889
   0.53373,  -0.16355,  -0.36997
   0.53413,  -0.16463,  -0.37105
   0.53453,  -0.16571,  -0.37214
   0.53492,  -0.16679,  -0.37322
   0.53531,  -0.16786,  -0.37430
   0.53569,  -0.16893,  -0.37539
   0.53607,  -0.17000,  -0.37647
   0.53644,  -0.17107,  -0.37755
   0.53681,  -0.17213,  -0.37863
   0.53718,  -0.17319,  -0.37970
   0.53754,  -0.17425,  -0.38078
   0.53789,  -0.17531,  -0.38186
   0.53825,  -0.17636,  -0.38294
   0.53859,  -0.17741,  -0.38401
   0.53894,  -0.17846,  -0.38508
   0.53928,  -0.17950,  -0.38616
   0.53961,  -0.18054,  -0.38723
   0.53994,  -0.18158,  -0.38830
   0.54027,  -0.18262,  -0.38937
   0.54059,  -0.18365,  -0.39044
   0.54091,  -0.18468,  -0.39151
   0.54122,  -0.18571,  -0.39257
   0.54153,  -0.18673,  -0.39364
   0.54183,  -0.18775,  -0.39470
   0.54213,  -0.18877,  -0.39577
   0.54243,  -0.18978,  -0.39683
   0.54272,  -0.19079,  -0.39789
   0.54301,  -0.19180,  -0.39895
   0.54329,  -0.19281,  -0.40000
   0.54357,  -0.19381,  -0.40106
   0.54384,  -0.19481,  -0.40211
   0.54411,  -0.19580,  -0.40316
   0.54437,  -0.19679,  -0.40421
   0.54463,  -0.19778,  -0.40526
   0.54489,  -0.19876,  -0.40631
   0.54514,  -0.19975,  -0.40735
   0.54538,  -0.20072,  -0.40840
   0.54563,  -0.20170,  -0.40944
   0.54586,  -0.20267,  -0.41048
   0.54610,  -0.20364,  -0.41152
   0.54632,  -0.20460,  -0.41255
   0.54655,  -0.20556,  -0.41359
   0.54677,  -0.20652,  -0.41462
   0.54698,  -0.20747,  -0.41565
   0.54719,  -0.20842,  -0.41667
   0.54739,  -0.20936,  -0.41770
   0.54759,  -0.21030,  -0.41872
   0.54779,  -0.21124,  -0.41974
   0.54798,  -0.21218,  -0.42076
   0.54817,  -0.21311,  -0.42177
   0.54835,  -0.21403,  -0.42279
   0.54853,  -0.21495,  -0.42380
   0.54870,  -0.21587,  -0.42481
   0.54887,  -0.21679,  -0.42581
   0.54903,  -0.21770,  -0.42681
   0.54919,  -0.21860,  -0.42781
   0.54934,  -0.21950,  -0.42881
   0.54949,  -0.22040,  -0.42980
   0.54964,  -0.22130,  -0.43079
   0.54978,  -0.22219,  -0.43178
   0.54991,  -0.22307,  -0.43277
   0.55004,  -0.22395,  -0.43375
   0.55017,  -0.22483,  -0.43473
   0.55029,  -0.22570,  -0.43570
   0.55040,  -0.22657,  -0.43667
   0.55052,  -0.22744,  -0.43764
   0.55062,  -0.22830,  -0.43861
   0.55073,  -0.22915,  -0.43957
   0.55082,  -0.23001,  -0.44053
   0.55092,  -0.23085,  -0.44148
   0.55100,  -0.23170,  -0.44243
   0.55109,  -0.23253,  -0.44338
   0.55116,  -0.23337,  -0.44432
   0.55124,  -0.23420,  -0.44526
   0.55131,  -0.23502,  -0.44620
   0.55137,  -0.23584,  -0.44713
   0.55143,  -0.23666,  -0.44806
   0.55149,  -0.23747,  -0.44898
   0.55154,  -0.23828,  -0.44990
   0.55158,  -0.23908,  -0.45082
   0.55162,  -0.23988,  -0.45173
   0.55166,  -0.24067,  -0.45264
   0.55169,  -0.24146,  -0.45354
   0.55171,  -0.24224,  -0.45444
   0.55173,  -0.24302,  -0.45533
   0.55175,  -0.24380,  -0.45622
