# epsilon_xx, epsilon_yy, epsilon_xy
  -0.00000,   0.00000,   0.00000
  -0.00041,  -0.00171,   0.00120
  -0.00081,  -0.00341,   0.00240
  -0.00121,  -0.00510,   0.00358
  -0.00159,  -0.00678,   0.00476
  -0.00196,  -0.00844,   0.00593
  -0.00233,  -0.01010,   0.00709
  -0.00268,  -0.01175,   0.00824
  -0.00303,  -0.01339,   0.00938
  -0.00336,  -0.01502,   0.01051
  -0.00369,  -0.01663,   0.01163
  -0.00400,  -0.01824,   0.01275
  -0.00431,  -0.01983,   0.01386
  -0.00460,  -0.02142,   0.01495
  -0.00489,  -0.02299,   0.01604
  -0.00517,  -0.02456,   0.01712
  -0.00543,  -0.02611,   0.01819
  -0.00569,  -0.02765,   0.01926
  -0.00594,  -0.02918,   0.02031
  -0.00618,  -0.03070,   0.02136
  -0.00640,  -0.03221,   0.02239
  -0.00662,  -0.03371,   0.02342
  -0.00683,  -0.03519,   0.02444
  -0.00703,  -0.03667,   0.02545
  -0.00722,  -0.03813,   0.02646
  -0.00740,  -0.03958,   0.02745
  -0.00757,  -0.04102,   0.02844
  -0.00773,  -0.04245,   0.02942
  -0.00787,  -0.04387,   0.03038
  -0.00801,  -0.04527,   0.03135
  -0.00814,  -0.04666,   0.03230
  -0.00826,  -0.04804,   0.03324
  -0.00837,  -0.04941,   0.03418
  -0.00847,  -0.05077,   0.03511
  -0.00856,  -0.05212,   0.03603
  -0.00864,  -0.05345,   0.03694
  -0.00871,  -0.05477,   0.03785
  -0.00877,  -0.05608,   0.03874
  -0.00882,  -0.05738,   0.03963
  -0.00886,  -0.05866,   0.04051
  -0.00890,  -0.05994,   0.04138
  -0.00892,  -0.06120,   0.04224
  -0.00893,  -0.06245,   0.04310
  -0.00893,  -0.06368,   0.04395
  -0.00892,  -0.06490,   0.04479
  -0.00890,  -0.06612,   0.04562
  -0.00887,  -0.06731,   0.04645
  -0.00883,  -0.06850,   0.04726
  -0.00878,  -0.06967,   0.04807
  -0.00872,  -0.07083,   0.04887
  -0.00865,  -0.07198,   0.04967
  -0.00857,  -0.07312,   0.05045
  -0.00848,  -0.07424,   0.05123
  -0.00839,  -0.07535,   0.05200
  -0.00828,  -0.07644,   0.05277
  -0.00816,  -0.07753,   0.05352
  -0.00803,  -0.07860,   0.05427
  -0.00789,  -0.07966,   0.05501
  -0.00774,  -0.08070,   0.05575
  -0.00758,  -0.08174,   0.05647
  -0.00741,  -0.08275,   0.05719
  -0.00723,  -0.08376,   0.05790
  -0.00705,  -0.08475,   0.05861
  -0.00685,  -0.08573,   0.05931
  -0.00664,  -0.08670,   0.06000
  -0.00642,  -0.08765,   0.06068
  -0.00619,  -0.08860,   0.06136
  -0.00595,  -0.08952,   0.06203
  -0.00570,  -0.09044,   0.06269
  -0.00545,  -0.09134,   0.06334
  -0.00518,  -0.09223,   0.06399
  -0.00490,  -0.09310,   0.06463
  -0.00461,  -0.09396,   0.06527
  -0.00431,  -0.09481,   0.06589
  -0.00401,  -0.09564,   0.06651
  -0.00369,  -0.09647,   0.06713
  -0.00336,  -0.09727,   0.06773
  -0.00302,  -0.09807,   0.06834
  -0.00268,  -0.09885,   0.06893
  -0.00232,  -0.09962,   0.06952
  -0.00195,  -0.10037,   0.07010
  -0.00158,  -0.10111,   0.07067
  -0.00119,  -0.10184,   0.07124
  -0.00079,  -0.10256,   0.07180
  -0.00039,  -0.10326,   0.07235
   0.00003,  -0.10394,   0.07290
   0.00045,  -0.10462,   0.07345
   0.00089,  -0.10528,   0.07398
   0.00134,  -0.10593,   0.07451
   0.00179,  -0.10656,   0.07503
   0.00226,  -0.10718,   0.07555
   0.00273,  -0.10779,   0.07606
   0.00321,  -0.10838,   0.07657
   0.00371,  -0.10896,   0.07707
   0.00421,  -0.10953,   0.07756
   0.00472,  -0.11008,   0.07805
   0.00525,  -0.11062,   0.07853
   0.00578,  -0.11115,   0.07900
   0.00632,  -0.11166,   0.07947
   0.00687,  -0.11216,   0.07993
   0.00743,  -0.11265,   0.08039
   0.00800,  -0.11312,   0.08084
   0.00858,  -0.11358,   0.08129
   0.00917,  -0.11402,   0.08173
   0.00977,  -0.11446,   0.08216
   0.01038,  -0.11488,   0.08259
   0.01100,  -0.11528,   0.08302
   0.01163,  -0.11567,   0.08344
   0.01226,  -0.11605,   0.08385
   0.01291,  -0.11642,   0.08426
   0.01356,  -0.11677,   0.08466
   0.01423,  -0.11711,   0.08506
   0.01490,  -0.11744,   0.08545
   0.01559,  -0.11775,   0.08583
   0.01628,  -0.11805,   0.08622
   0.01698,  -0.11834,   0.08659
   0.01769,  -0.11861,   0.08696
   0.01841,  -0.11887,   0.08733
   0.01914,  -0.11912,   0.08769
   0.01988,  -0.11935,   0.08804
   0.02063,  -0.11957,   0.08840
   0.02139,  -0.11978,   0.08874
   0.02215,  -0.11997,   0.08908
   0.02293,  -0.12015,   0.08942
   0.02371,  -0.12032,   0.08975
   0.02450,  -0.12048,   0.09008
   0.02531,  -0.12062,   0.09040
   0.02612,  -0.12075,   0.09072
   0.02694,  -0.12086,   0.09103
   0.02776,  -0.12097,   0.09134
   0.02860,  -0.12106,   0.09164
   0.02945,  -0.12113,   0.09194
   0.03030,  -0.12120,   0.09224
   0.03117,  -0.12125,   0.09253
   0.03204,  -0.12129,   0.09281
   0.03292,  -0.12132,   0.09310
   0.03381,  -0.12133,   0.09337
   0.03471,  -0.12133,   0.09365
   0.03562,  -0.12132,   0.09392
   0.03653,  -0.12130,   0.09418
   0.03746,  -0.12126,   0.09444
   0.03839,  -0.12121,   0.09470
   0.03933,  -0.12115,   0.09495
   0.04028,  -0.12108,   0.09520
   0.04124,  -0.12099,   0.09545
   0.04221,  -0.12089,   0.09569
   0.04318,  -0.12078,   0.09593
   0.04416,  -0.12066,   0.09616
   0.04515,  -0.12052,   0.09639
   0.04615,  -0.12038,   0.09662
   0.04716,  -0.12022,   0.09684
   0.04818,  -0.12004,   0.09706
   0.04920,  -0.11986,   0.09727
   0.05023,  -0.11966,   0.09749
   0.05127,  -0.11946,   0.09769
   0.05232,  -0.11924,   0.09790
   0.05338,  -0.11901,   0.09810
   0.05444,  -0.11876,   0.09830
   0.05551,  -0.11851,   0.09849
   0.05659,  -0.11824,   0.09869
   0.05768,  -0.11796,   0.09887
   0.05877,  -0.11767,   0.09906
   0.05988,  -0.11737,   0.09924
   0.06099,  -0.11706,   0.09942
   0.06211,  -0.11673,   0.09960
   0.06323,  -0.11639,   0.09977
   0.06436,  -0.11605,   0.09994
   0.06550,  -0.11569,   0.10011
   0.06665,  -0.11532,   0.10027
   0.06781,  -0.11493,   0.10043
   0.06897,  -0.11454,   0.10059
   0.07014,  -0.11414,   0.10074
   0.07132,  -0.11372,   0.10090
   0.07250,  -0.11330,   0.10105
   0.07370,  -0.11286,   0.10119
   0.07490,  -0.11241,   0.10134
   0.07610,  -0.11195,   0.10148
   0.07731,  -0.11148,   0.10162
   0.07854,  -0.11100,   0.10176
   0.07976,  -0.11051,   0.10189
   0.08100,  -0.11001,   0.10202
   0.08224,  -0.10950,   0.10215
   0.08349,  -0.10897,   0.10228
   0.08474,  -0.10844,   0.10241
   0.08600,  -0.10789,   0.10253
   0.08727,  -0.10734,   0.10265
   0.08854,  -0.10678,   0.10277
   0.08983,  -0.10620,   0.10288
   0.09111,  -0.10562,   0.10300
   0.09241,  -0.10502,   0.10311
   0.09371,  -0.10442,   0.10322
   0.09502,  -0.10380,   0.10333
   0.09633,  -0.10317,   0.10344
   0.09765,  -0.10254,   0.10354
   0.09897,  -0.10189,   0.10364
   0.10031,  -0.10124,   0.10374
   0.10164,  -0.10058,   0.10384
   0.10299,  -0.09990,   0.10394
   0.10434,  -0.09922,   0.10403
   0.10570,  -0.09853,   0.10413
   0.10706,  -0.09782,   0.10422
   0.10843,  -0.09711,   0.10431
   0.10980,  -0.09639,   0.10440
   0.11118,  -0.09566,   0.10449
   0.11257,  -0.09492,   0.10457
   0.11396,  -0.09417,   0.10466
   0.11535,  -0.09341,   0.10474
   0.11676,  -0.09265,   0.10482
   0.11816,  -0.09187,   0.10490
   0.11958,  -0.09109,   0.10498
   0.12099,  -0.09030,   0.10506
   0.12242,  -0.08949,   0.10514
   0.12385,  -0.08868,   0.10521
   0.12528,  -0.08786,   0.10528
   0.12672,  -0.08704,   0.10536
   0.12817,  -0.08620,   0.10543
   0.12962,  -0.08536,   0.10550
   0.13107,  -0.08450,   0.10557
   0.13253,  -0.08364,   0.10564
   0.13399,  -0.08277,   0.10571
   0.13546,  -0.08190,   0.10578
   0.13694,  -0.08101,   0.10584
   0.13842,  -0.08012,   0.10591
   0.13990,  -0.07922,   0.10597
   0.14139,  -0.07831,   0.10604
   0.14288,  -0.07739,   0.10610
   0.14438,  -0.07647,   0.10616
   0.14588,  -0.07553,   0.10622
   0.14738,  -0.07460,   0.10628
   0.14889,  -0.07365,   0.10634
   0.15041,  -0.07269,   0.10640
   0.15193,  -0.07173,   0.10646
   0.15345,  -0.07076,   0.10652
   0.15498,  -0.06979,   0.10658
   0.15651,  -0.06880,   0.10664
   0.15804,  -0.06781,   0.10670
   0.15958,  -0.06682,   0.10675
   0.16112,  -0.06581,   0.10681
   0.16267,  -0.06480,   0.10687
   0.16422,  -0.06378,   0.10692
   0.16577,  -0.06276,   0.10698
   0.16733,  -0.06173,   0.10704
   0.16889,  -0.06069,   0.10709
   0.17045,  -0.05964,   0.10715
   0.17202,  -0.05859,   0.10720
   0.17359,  -0.05754,   0.10726
   0.17517,  -0.05647,   0.10731
   0.17674,  -0.05540,   0.10737
   0.17832,  -0.05433,   0.10743
   0.17991,  -0.05325,   0.10748
   0.18149,  -0.05216,   0.10754
   0.18308,  -0.05107,   0.10759
   0.18468,  -0.04997,   0.10765
   0.18627,  -0.04886,   0.10770
   0.18787,  -0.04775,   0.10776
   0.18947,  -0.04663,   0.10782
   0.19107,  -0.04551,   0.10787
   0.19268,  -0.04438,   0.10793
   0.19429,  -0.04325,   0.10799
   0.19590,  -0.04211,   0.10804
   0.19751,  -0.04097,   0.10810
   0.19913,  -0.03982,   0.10816
   0.20074,  -0.03867,   0.10822
   0.20237,  -0.03751,   0.10828
   0.20399,  -0.03634,   0.10834
   0.20561,  -0.03517,   0.10840
   0.20724,  -0.03400,   0.10846
   0.20887,  -0.03282,   0.10852
   0.21050,  -0.03164,   0.10858
   0.21213,  -0.03045,   0.10864
   0.21376,  -0.02926,   0.10871
   0.21540,  -0.02806,   0.10877
   0.21704,  -0.02686,   0.10884
   0.21868,  -0.02565,   0.10890
   0.22032,  -0.02444,   0.10897
   0.22196,  -0.02323,   0.10903
   0.22360,  -0.02201,   0.10910
   0.22525,  -0.02079,   0.10917
   0.22689,  -0.01956,   0.10924
   0.22854,  -0.01833,   0.10931
   0.23019,  -0.01710,   0.10938
   0.23184,  -0.01586,   0.10945
   0.23349,  -0.01462,   0.10952
   0.23514,  -0.01337,   0.10960
   0.23679,  -0.01212,   0.10967
   0.23844,  -0.01087,   0.10975
   0.24010,  -0.00961,   0.10982
   0.24175,  -0.00835,   0.10990
   0.24341,  -0.00709,   0.10998
   0.24506,  -0.00582,   0.11006
   0.24672,  -0.00455,   0.11014
   0.24837,  -0.00328,   0.11022
   0.25003,  -0.00201,   0.11030
   0.25169,  -0.00073,   0.11039
   0.25335,   0.00055,   0.11047
   0.25500,   0.00184,   0.11056
   0.25666,   0.00312,   0.11065
   0.25832,   0.00441,   0.11074
   0.25998,   0.00571,   0.11083
   0.26164,   0.00700,   0.11092
   0.26329,   0.00830,   0.11101
   0.26495,   0.00960,   0.11110
   0.26661,   0.01090,   0.11120
   0.26827,   0.01220,   0.11130
   0.26992,   0.01351,   0.11140
   0.27158,   0.01482,   0.11149
   0.27323,   0.01613,   0.11160
   0.27489,   0.01744,   0.11170
   0.27654,   0.01876,   0.11180
   0.27820,   0.02007,   0.11191
   0.27985,   0.02139,   0.11201
   0.28150,   0.02271,   0.11212
   0.28315,   0.02403,   0.11223
   0.28481,   0.02536,   0.11234
   0.28645,   0.02668,   0.11246
   0.28810,   0.02801,   0.11257
   0.28975,   0.02934,   0.11269
   0.29140,   0.03067,   0.11281
   0.29304,   0.03200,   0.11293
   0.29469,   0.03333,   0.11305
   0.29633,   0.03467,   0.11317
   0.29797,   0.03600,   0.11329
   0.29961,   0.03734,   0.11342
   0.30125,   0.03867,   0.11355
   0.30288,   0.04001,   0.11368
   0.30452,   0.04135,   0.11381
   0.30615,   0.04269,   0.11394
   0.30778,   0.04403,   0.11408
   0.30941,   0.04537,   0.11421
   0.31104,   0.04671,   0.11435
   0.31266,   0.04805,   0.11449
   0.31429,   0.04939,   0.11463
   0.31591,   0.05074,   0.11477
   0.31753,   0.05208,   0.11492
   0.31914,   0.05343,   0.11507
   0.32076,   0.05477,   0.11522
   0.32237,   0.05611,   0.11537
   0.32398,   0.05746,   0.11552
   0.32559,   0.05880,   0.11567
   0.32719,   0.06015,   0.11583
   0.32880,   0.06149,   0.11599
   0.33040,   0.06284,   0.11615
   0.33199,   0.06418,   0.11631
   0.33359,   0.06552,   0.11647
   0.33518,   0.06687,   0.11664
   0.33677,   0.06821,   0.11681
   0.33836,   0.06956,   0.11698
   0.33994,   0.07090,   0.11715
   0.34152,   0.07224,   0.11732
   0.34310,   0.07358,   0.11750
   0.34467,   0.07492,   0.11768
   0.34624,   0.07627,   0.11786
   0.34781,   0.07761,   0.11804
   0.34937,   0.07894,   0.11822
   0.35094,   0.08028,   0.11841
   0.35249,   0.08162,   0.11860
   0.35405,   0.08296,   0.11878
   0.35560,   0.08429,   0.11898
   0.35715,   0.08563,   0.11917
   0.35869,   0.08696,   0.11937
   0.36023,   0.08829,   0.11956
   0.36177,   0.08963,   0.11976
   0.36330,   0.09096,   0.11996
   0.36483,   0.09228,   0.12017
   0.36635,   0.09361,   0.12037
   0.36788,   0.09494,   0.12058
   0.36939,   0.09626,   0.12079
   0.37091,   0.09758,   0.12100
   0.37242,   0.09891,   0.12122
   0.37392,   0.10023,   0.12144
   0.37542,   0.10154,   0.12165
   0.37692,   0.10286,   0.12187
   0.37841,   0.10418,   0.12210
   0.37990,   0.10549,   0.12232
   0.38138,   0.10680,   0.12255
   0.38286,   0.10811,   0.12278
   0.38434,   0.10942,   0.12301
   0.38581,   0.11072,   0.12324
   0.38728,   0.11203,   0.12348
   0.38874,   0.11333,   0.12371
   0.39020,   0.11463,   0.12395
   0.39165,   0.11592,   0.12419
   0.39310,   0.11722,   0.12444
   0.39454,   0.11851,   0.12468
   0.39598,   0.11980,   0.12493
   0.39741,   0.12109,   0.12518
   0.39884,   0.12237,   0.12543
   0.40026,   0.12365,   0.12568
   0.40168,   0.12493,   0.12594
   0.40310,   0.12621,   0.12620
   0.40450,   0.12749,   0.12646
   0.40591,   0.12876,   0.12672
   0.40731,   0.13003,   0.12699
   0.40870,   0.13129,   0.12725
   0.41009,   0.13256,   0.12752
   0.41147,   0.13382,   0.12779
   0.41285,   0.13508,   0.12806
   0.41422,   0.13633,   0.12834
   0.41559,   0.13758,   0.12861
   0.41695,   0.13883,   0.12889
   0.41830,   0.14008,   0.12917
   0.41965,   0.14132,   0.12946
   0.42100,   0.14256,   0.12974
   0.42234,   0.14380,   0.13003
   0.42367,   0.14503,   0.13032
   0.42500,   0.14626,   0.13061
   0.42632,   0.14749,   0.13090
   0.42764,   0.14871,   0.13120
   0.42895,   0.14993,   0.13150
   0.43025,   0.15115,   0.13179
   0.43155,   0.15236,   0.13210
   0.43284,   0.15357,   0.13240
   0.43413,   0.15477,   0.13270
   0.43541,   0.15597,   0.13301
   0.43669,   0.15717,   0.13332
   0.43796,   0.15837,   0.13363
   0.43922,   0.15956,   0.13395
   0.44048,   0.16074,   0.13426
   0.44173,   0.16193,   0.13458
   0.44297,   0.16310,   0.13490
   0.44421,   0.16428,   0.13522
   0.44544,   0.16545,   0.13554
   0.44667,   0.16662,   0.13587
   0.44789,   0.16778,   0.13619
   0.44910,   0.16894,   0.13652
   0.45031,   0.17009,   0.13685
   0.45151,   0.17124,   0.13719
   0.45271,   0.17239,   0.13752
   0.45390,   0.17353,   0.13786
   0.45508,   0.17467,   0.13819
   0.45625,   0.17580,   0.13853
   0.45742,   0.17693,   0.13888
   0.45859,   0.17806,   0.13922
   0.45974,   0.17918,   0.13957
   0.46089,   0.18029,   0.13991
   0.46203,   0.18140,   0.14026
   0.46317,   0.18251,   0.14061
   0.46430,   0.18361,   0.14097
   0.46542,   0.18471,   0.14132
   0.46654,   0.18580,   0.14168
   0.46765,   0.18689,   0.14203
   0.46875,   0.18797,   0.14239
   0.46985,   0.18905,   0.14276
   0.47094,   0.19012,   0.14312
   0.47202,   0.19119,   0.14348
   0.47309,   0.19225,   0.14385
   0.47416,   0.19331,   0.14422
   0.47523,   0.19436,   0.14459
   0.47628,   0.19541,   0.14496
   0.47733,   0.19645,   0.14533
   0.47837,   0.19749,   0.14571
   0.47940,   0.19852,   0.14609
   0.48043,   0.19955,   0.14646
   0.48145,   0.20057,   0.14684
   0.48247,   0.20159,   0.14723
   0.48347,   0.20260,   0.14761
   0.48447,   0.20361,   0.14799
   0.48547,   0.20461,   0.14838
   0.48645,   0.20561,   0.14877
   0.48743,   0.20660,   0.14915
   0.48840,   0.20758,   0.14955
   0.48937,   0.20856,   0.14994
   0.49032,   0.20953,   0.15033
   0.49127,   0.21050,   0.15073
   0.49222,   0.21146,   0.15112
   0.49315,   0.21242,   0.15152
   0.49408,   0.21337,   0.15192
   0.49500,   0.21431,   0.15232
   0.49592,   0.21525,   0.15272
   0.49683,   0.21619,   0.15313
   0.49773,   0.21712,   0.15353
   0.49862,   0.21804,   0.15394
   0.49950,   0.21895,   0.15434
   0.50038,   0.21986,   0.15475
   0.50125,   0.22077,   0.15516
   0.50212,   0.22166,   0.15557
   0.50298,   0.22256,   0.15598
   0.50383,   0.22344,   0.15640
   0.50467,   0.22432,   0.15681
   0.50550,   0.22519,   0.15723
   0.50633,   0.22606,   0.15765
   0.50715,   0.22692,   0.15806
   0.50797,   0.22778,   0.15848
   0.50877,   0.22862,   0.15890
   0.50957,   0.22947,   0.15933
   0.51036,   0.23030,   0.15975
   0.51115,   0.23113,   0.16017
   0.51193,   0.23195,   0.16060
   0.51270,   0.23277,   0.16102
   0.51346,   0.23358,   0.16145
   0.51422,   0.23438,   0.16188
   0.51496,   0.23518,   0.16231
   0.51571,   0.23597,   0.16274
   0.51644,   0.23675,   0.16317
   0.51717,   0.23753,   0.16360
   0.51789,   0.23830,   0.16403
   0.51860,   0.23906,   0.16447
   0.51930,   0.23981,   0.16490
   0.52000,   0.24056,   0.16534
   0.52069,   0.24131,   0.16577
   0.52137,   0.24204,   0.16621
   0.52205,   0.24277,   0.16665
   0.52272,   0.24349,   0.16709
   0.52338,   0.24420,   0.16753
   0.52404,   0.24491,   0.16797
   0.52468,   0.24561,   0.16841
   0.52532,   0.24630,   0.16885
   0.52596,   0.24699,   0.16929
   0.52658,   0.24767,   0.16973
   0.52720,   0.24834,   0.17018
   0.52781,   0.24900,   0.17062
   0.52841,   0.24966,   0.17107
   0.52901,   0.25031,   0.17151
   0.52960,   0.25095,   0.17196
   0.53019,   0.25159,   0.17240
   0.53076,   0.25221,   0.17285
   0.53133,   0.25283,   0.17330
   0.53189,   0.25344,   0.17375
   0.53245,   0.25405,   0.17420
   0.53299,   0.25465,   0.17464
   0.53353,   0.25523,   0.17509
   0.53407,   0.25582,   0.17554
   0.53459,   0.25639,   0.17599
   0.53511,   0.25696,   0.17644
   0.53563,   0.25751,   0.17690
   0.53613,   0.25807,   0.17735
   0.53663,   0.25861,   0.17780
   0.53712,   0.25914,   0.17825
   0.53761,   0.25967,   0.17870
   0.53808,   0.26019,   0.17915
   0.53855,   0.26070,   0.17961
   0.53902,   0.26120,   0.18006
   0.53948,   0.26170,   0.18051
   0.53993,   0.26218,   0.18097
   0.54037,   0.26266,   0.18142
   0.54081,   0.26313,   0.18187
   0.54124,   0.26360,   0.18233
   0.54166,   0.26405,   0.18278
   0.54208,   0.26450,   0.18323
   0.54249,   0.26493,   0.18369
   0.54289,   0.26536,   0.18414
   0.54328,   0.26578,   0.18460
   0.54367,   0.26620,   0.18505
   0.54406,   0.26660,   0.18550
   0.54443,   0.26700,   0.18596
   0.54480,   0.26738,   0.18641
   0.54517,   0.26776,   0.18686
   0.54552,   0.26813,   0.18732
   0.54587,   0.26849,   0.18777
   0.54622,   0.26884,   0.18822
   0.54656,   0.26919,   0.18868
   0.54689,   0.26952,   0.18913
   0.54721,   0.26985,   0.18958
   0.54753,   0.27017,   0.19004
   0.54784,   0.27047,   0.19049
   0.54815,   0.27077,   0.19094
   0.54845,   0.27107,   0.19139
   0.54874,   0.27135,   0.19184
   0.54903,   0.27162,   0.19229
   0.54931,   0.27188,   0.19274
   0.54958,   0.27214,   0.19319
   0.54985,   0.27238,   0.19364
   0.55011,   0.27262,   0.19409
   0.55037,   0.27285,   0.19454
   0.55062,   0.27307,   0.19499
   0.55086,   0.27328,   0.19544
   0.55110,   0.27348,   0.19589
   0.55133,   0.27367,   0.19633
   0.55156,   0.27385,   0.19678
   0.55178,   0.27402,   0.19723
   0.55199,   0.27418,   0.19767
   0.55220,   0.27433,   0.19812
   0.55241,   0.27448,   0.19856
   0.55260,   0.27461,   0.19901
   0.55279,   0.27474,   0.19945
   0.55298,   0.27485,   0.19989
   0.55316,   0.27495,   0.20033
   0.55333,   0.27505,   0.20077
   0.55350,   0.27514,   0.20121
   0.55366,   0.27521,   0.20165
   0.55382,   0.27528,   0.20209
   0.55397,   0.27533,   0.20253
   0.55412,   0.27538,   0.20297
   0.55426,   0.27542,   0.20340
   0.55440,   0.27544,   0.20384
   0.55453,   0.27546,   0.20428
   0.55465,   0.27547,   0.20471
   0.55477,   0.27546,   0.20514
   0.55489,   0.27545,   0.20557
   0.55500,   0.27543,   0.20601
   0.55510,   0.27539,   0.20644
   0.55520,   0.27535,   0.20687
   0.55529,   0.27530,   0.20729
   0.55538,   0.27523,   0.20772
   0.55547,   0.27516,   0.20815
   0.55555,   0.27507,   0.20857
   0.55562,   0.27498,   0.20900
   0.55569,   0.27487,   0.20942
   0.55575,   0.27476,   0.20984
   0.55581,   0.27463,   0.21027
   0.55587,   0.27449,   0.21069
   0.55592,   0.27434,   0.21110
   0.55596,   0.27419,   0.21152
   0.55600,   0.27402,   0.21194
   0.55604,   0.27384,   0.21235
   0.55607,   0.27365,   0.21277
   0.55610,   0.27345,   0.21318
   0.55612,   0.27324,   0.21359
   0.55614,   0.27302,   0.21401
   0.55615,   0.27278,   0.21441
   0.55616,   0.27254,   0.21482
   0.55617,   0.27228,   0.21523
   0.55617,   0.27202,   0.21564
   0.55617,   0.27174,   0.21604
   0.55616,   0.27146,   0.21644
   0.55615,   0.27116,   0.21685
   0.55613,   0.27085,   0.21725
   0.55611,   0.27053,   0.21764
   0.55609,   0.27020,   0.21804
   0.55606,   0.26985,   0.21844
   0.55603,   0.26950,   0.21883
   0.55599,   0.26914,   0.21923
   0.55595,   0.26876,   0.21962
   0.55591,   0.26837,   0.22001
   0.55586,   0.26797,   0.22040
   0.55581,   0.26756,   0.22079
   0.55576,   0.26714,   0.22117
   0.55570,   0.26671,   0.22156
   0.55564,   0.26627,   0.22194
   0.55557,   0.26581,   0.22232
   0.55550,   0.26534,   0.22270
   0.55543,   0.26486,   0.22308
   0.55536,   0.26437,   0.22346
   0.55528,   0.26387,   0.22383
   0.55519,   0.26336,   0.22421
   0.55511,   0.26283,   0.22458
   0.55502,   0.26230,   0.22495
   0.55493,   0.26175,   0.22532
   0.55484,   0.26119,   0.22569
   0.55474,   0.26062,   0.22605
   0.55464,   0.26003,   0.22642
   0.55453,   0.25944,   0.22678
   0.55443,   0.25883,   0.22714
   0.55432,   0.25821,   0.22750
   0.55421,   0.25758,   0.22786
   0.55409,   0.25694,   0.22821
   0.55397,   0.25628,   0.22857
   0.55385,   0.25562,   0.22892
   0.55373,   0.25494,   0.22927
   0.55360,   0.25425,   0.22962
   0.55348,   0.25354,   0.22996
   0.55334,   0.25283,   0.23031
   0.55321,   0.25210,   0.23065
   0.55308,   0.25136,   0.23099
   0.55294,   0.25061,   0.23133
   0.55280,   0.24985,   0.23167
   0.55266,   0.24907,   0.23201
   0.55251,   0.24828,   0.23234
   0.55236,   0.24748,   0.23267
   0.55222,   0.24667,   0.23300
   0.55207,   0.24585,   0.23333
   0.55191,   0.24501,   0.23366
   0.55176,   0.24416,   0.23399
   0.55160,   0.24330,   0.23431
   0.55144,   0.24242,   0.23463
   0.55128,   0.24153,   0.23495
   0.55112,   0.24063,   0.23527
   0.55096,   0.23972,   0.23558
   0.55079,   0.23880,   0.23590
   0.55062,   0.23786,   0.23621
   0.55045,   0.23691,   0.23652
   0.55028,   0.23595,   0.23683
   0.55011,   0.23498,   0.23713
   0.54994,   0.23399,   0.23744
   0.54977,   0.23299,   0.23774
   0.54959,   0.23198,   0.23804
   0.54941,   0.23095,   0.23834
   0.54923,   0.22991,   0.23863
   0.54905,   0.22886,   0.23893
   0.54887,   0.22780,   0.23922
   0.54869,   0.22672,   0.23951
   0.54851,   0.22563,   0.23980
   0.54832,   0.22453,   0.24009
   0.54814,   0.22342,   0.24037
   0.54795,   0.22229,   0.24065
   0.54777,   0.22115,   0.24093
   0.54758,   0.22000,   0.24121
   0.54739,   0.21883,   0.24149
   0.54720,   0.21765,   0.24176
   0.54701,   0.21646,   0.24204
   0.54682,   0.21526,   0.24231
   0.54663,   0.21404,   0.24258
   0.54644,   0.21281,   0.24284
   0.54625,   0.21156,   0.24311
   0.54606,   0.21031,   0.24337
   0.54586,   0.20904,   0.24363
   0.54567,   0.20776,   0.24389
   0.54548,   0.20646,   0.24414
   0.54528,   0.20515,   0.24440
   0.54509,   0.20383,   0.24465
   0.54490,   0.20250,   0.24490
   0.54470,   0.20115,   0.24515
   0.54451,   0.19979,   0.24540
   0.54431,   0.19842,   0.24564
   0.54412,   0.19703,   0.24588
   0.54393,   0.19563,   0.24612
   0.54373,   0.19422,   0.24636
   0.54354,   0.19280,   0.24660
   0.54334,   0.19136,   0.24683
   0.54315,   0.18991,   0.24706
   0.54296,   0.18844,   0.24729
   0.54276,   0.18696,   0.24752
   0.54257,   0.18547,   0.24775
   0.54238,   0.18397,   0.24797
   0.54219,   0.18245,   0.24819
   0.54200,   0.18092,   0.24841
   0.54181,   0.17938,   0.24863
   0.54162,   0.17782,   0.24884
   0.54143,   0.17625,   0.24906
   0.54124,   0.17467,   0.24927
   0.54105,   0.17307,   0.24948
   0.54087,   0.17147,   0.24969
   0.54068,   0.16984,   0.24989
   0.54049,   0.16821,   0.25010
   0.54031,   0.16656,   0.25030
   0.54013,   0.16490,   0.25050
   0.53994,   0.16323,   0.25070
   0.53976,   0.16154,   0.25089
   0.53958,   0.15984,   0.25108
   0.53940,   0.15813,   0.25128
   0.53922,   0.15640,   0.25146
   0.53905,   0.15466,   0.25165
   0.53887,   0.15291,   0.25184
   0.53870,   0.15114,   0.25202
   0.53852,   0.14936,   0.25220
   0.53835,   0.14757,   0.25238
   0.53818,   0.14577,   0.25256
   0.53801,   0.14395,   0.25273
   0.53784,   0.14212,   0.25291
   0.53768,   0.14028,   0.25308
   0.53751,   0.13842,   0.25325
   0.53735,   0.13655,   0.25342
   0.53719,   0.13467,   0.25358
   0.53703,   0.13278,   0.25375
   0.53687,   0.13087,   0.25391
   0.53672,   0.12895,   0.25407
   0.53656,   0.12701,   0.25423
   0.53641,   0.12507,   0.25438
   0.53626,   0.12311,   0.25454
   0.53611,   0.12114,   0.25469
   0.53596,   0.11915,   0.25484
   0.53582,   0.11715,   0.25499
   0.53568,   0.11514,   0.25513
   0.53553,   0.11312,   0.25528
   0.53540,   0.11108,   0.25542
   0.53526,   0.10904,   0.25556
   0.53512,   0.10697,   0.25570
   0.53499,   0.10490,   0.25583
   0.53486,   0.10282,   0.25597
   0.53473,   0.10072,   0.25610
   0.53461,   0.09860,   0.25623
   0.53448,   0.09648,   0.25636
   0.53436,   0.09434,   0.25649
   0.53424,   0.09220,   0.25662
   0.53413,   0.09003,   0.25674
   0.53401,   0.08786,   0.25686
   0.53390,   0.08568,   0.25698
   0.53379,   0.08348,   0.25710
   0.53369,   0.08127,   0.25722
   0.53358,   0.07904,   0.25733
   0.53348,   0.07681,   0.25744
   0.53339,   0.07456,   0.25755
   0.53329,   0.07230,   0.25766
   0.53320,   0.07003,   0.25777
   0.53311,   0.06775,   0.25787
   0.53302,   0.06545,   0.25798
   0.53293,   0.06314,   0.25808
   0.53285,   0.06082,   0.25818
   0.53277,   0.05849,   0.25828
   0.53270,   0.05615,   0.25838
   0.53262,   0.05379,   0.25847
   0.53255,   0.05142,   0.25856
   0.53248,   0.04904,   0.25866
   0.53242,   0.04665,   0.25875
   0.53236,   0.04425,   0.25883
   0.53230,   0.04184,   0.25892
   0.53225,   0.03941,   0.25900
   0.53219,   0.03697,   0.25909
   0.53214,   0.03452,   0.25917
   0.53210,   0.03206,   0.25925
   0.53206,   0.02959,   0.25933
   0.53202,   0.02711,   0.25940
   0.53198,   0.02461,   0.25948
   0.53195,   0.02211,   0.25955
   0.53192,   0.01959,   0.25962
   0.53189,   0.01706,   0.25969
   0.53187,   0.01453,   0.25976
   0.53185,   0.01197,   0.25982
   0.53183,   0.00941,   0.25989
   0.53182,   0.00684,   0.25995
   0.53181,   0.00426,   0.26001
   0.53180,   0.00166,   0.26007
   0.53180,  -0.00094,   0.26013
   0.53180,  -0.00356,   0.26019
   0.53180,  -0.00618,   0.26024
   0.53181,  -0.00882,   0.26030
   0.53182,  -0.01146,   0.26035
   0.53184,  -0.01412,   0.26040
   0.53186,  -0.01679,   0.26045
   0.53188,  -0.01947,   0.26050
   0.53190,  -0.02216,   0.26054
   0.53193,  -0.02486,   0.26059
   0.53197,  -0.02756,   0.26063
   0.53200,  -0.03028,   0.26067
   0.53204,  -0.03301,   0.26071
   0.53209,  -0.03575,   0.26075
   0.53213,  -0.03850,   0.26078
   0.53219,  -0.04126,   0.26082
   0.53224,  -0.04403,   0.26085
   0.53230,  -0.04681,   0.26089
   0.53236,  -0.04959,   0.26092
   0.53243,  -0.05239,   0.26095
   0.53250,  -0.05520,   0.26097
   0.53258,  -0.05801,   0.26100
   0.53265,  -0.06084,   0.26102
   0.53274,  -0.06367,   0.26105
   0.53282,  -0.06652,   0.26107
   0.53291,  -0.06937,   0.26109
   0.53301,  -0.07223,   0.26111
   0.53310,  -0.07510,   0.26113
   0.53320,  -0.07798,   0.26114
   0.53331,  -0.08087,   0.26116
   0.53342,  -0.08376,   0.26117
   0.53353,  -0.08667,   0.26118
   0.53365,  -0.08958,   0.26120
   0.53377,  -0.09251,   0.26120
   0.53390,  -0.09544,   0.26121
   0.53403,  -0.09838,   0.26122
   0.53416,  -0.10132,   0.26122
   0.53430,  -0.10428,   0.26123
   0.53444,  -0.10724,   0.26123
   0.53459,  -0.11021,   0.26123
   0.53474,  -0.11319,   0.26123
   0.53489,  -0.11618,   0.26123
   0.53505,  -0.11917,   0.26123
   0.53521,  -0.12217,   0.26122
   0.53538,  -0.12518,   0.26122
   0.53555,  -0.12820,   0.26121
   0.53572,  -0.13122,   0.26120
   0.53590,  -0.13425,   0.26119
   0.53608,  -0.13729,   0.26118
   0.53627,  -0.14034,   0.26117
   0.53646,  -0.14339,   0.26115
   0.53666,  -0.14645,   0.26114
   0.53686,  -0.14951,   0.26112
   0.53706,  -0.15258,   0.26110
   0.53727,  -0.15566,   0.26108
   0.53748,  -0.15875,   0.26106
   0.53770,  -0.16184,   0.26104
   0.53792,  -0.16493,   0.26102
   0.53814,  -0.16804,   0.26099
   0.53837,  -0.17115,   0.26097
   0.53860,  -0.17426,   0.26094
   0.53884,  -0.17738,   0.26091
   0.53908,  -0.18051,   0.26088
   0.53933,  -0.18364,   0.26085
   0.53958,  -0.18678,   0.26082
   0.53983,  -0.18992,   0.26079
   0.54009,  -0.19307,   0.26075
   0.54035,  -0.19622,   0.26072
   0.54062,  -0.19938,   0.26068
   0.54089,  -0.20255,   0.26064
   0.54116,  -0.20571,   0.26060
   0.54144,  -0.20889,   0.26056
   0.54172,  -0.21206,   0.26051
   0.54201,  -0.21525,   0.26047
   0.54230,  -0.21843,   0.26042
   0.54260,  -0.22162,   0.26038
   0.54290,  -0.22482,   0.26033
   0.54320,  -0.22802,   0.26028
   0.54351,  -0.23122,   0.26023
   0.54382,  -0.23443,   0.26018
   0.54414,  -0.23764,   0.26012
   0.54446,  -0.24085,   0.26007
   0.54479,  -0.24407,   0.26001
   0.54511,  -0.24729,   0.25995
   0.54545,  -0.25051,   0.25990
   0.54579,  -0.25374,   0.25983
   0.54613,  -0.25697,   0.25977
   0.54647,  -0.26020,   0.25971
   0.54682,  -0.26343,   0.25965
   0.54718,  -0.26667,   0.25958
   0.54753,  -0.26991,   0.25951
   0.54790,  -0.27315,   0.25944
   0.54826,  -0.27640,   0.25937
   0.54863,  -0.27965,   0.25930
   0.54901,  -0.28289,   0.25923
   0.54939,  -0.28614,   0.25916
   0.54977,  -0.28940,   0.25908
   0.55016,  -0.29265,   0.25900
   0.55055,  -0.29591,   0.25892
   0.55094,  -0.29916,   0.25884
   0.55134,  -0.30242,   0.25876
   0.55174,  -0.30568,   0.25868
   0.55215,  -0.30894,   0.25860
   0.55256,  -0.31220,   0.25851
   0.55298,  -0.31546,   0.25842
   0.55340,  -0.31873,   0.25833
   0.55382,  -0.32199,   0.25824
   0.55425,  -0.32525,   0.25815
   0.55468,  -0.32851,   0.25806
   0.55511,  -0.33178,   0.25796
   0.55555,  -0.33504,   0.25787
   0.55599,  -0.33830,   0.25777
   0.55644,  -0.34157,   0.25767
   0.55689,  -0.34483,   0.25757
   0.55735,  -0.34809,   0.25746
   0.55781,  -0.35135,   0.25736
   0.55827,  -0.35461,   0.25725
   0.55873,  -0.35787,   0.25715
   0.55920,  -0.36112,   0.25704
   0.55968,  -0.36438,   0.25693
   0.56016,  -0.36764,   0.25681
   0.56064,  -0.37089,   0.25670
   0.56112,  -0.37414,   0.25658
   0.56161,  -0.37739,   0.25646
   0.56210,  -0.38064,   0.25634
   0.56260,  -0.38388,   0.25622
   0.56310,  -0.38713,   0.25610
   0.56360,  -0.39037,   0.25598
   0.56411,  -0.39360,   0.25585
   0.56462,  -0.39684,   0.25572
   0.56514,  -0.40007,   0.25559
   0.56566,  -0.40330,   0.25546
   0.56618,  -0.40653,   0.25532
   0.56670,  -0.40975,   0.25519
   0.56723,  -0.41297,   0.25505
   0.56777,  -0.41619,   0.25491
   0.56830,  -0.41940,   0.25477
   0.56884,  -0.42261,   0.25462
   0.56939,  -0.42581,   0.25448
   0.56993,  -0.42901,   0.25433
   0.57048,  -0.43221,   0.25418
   0.57104,  -0.43540,   0.25403
   0.57159,  -0.43859,   0.25388
   0.57215,  -0.44177,   0.25372
   0.57272,  -0.44495,   0.25356
   0.57329,  -0.44812,   0.25340
   0.57386,  -0.45129,   0.25324
   0.57443,  -0.45445,   0.25308
   0.57501,  -0.45761,   0.25291
   0.57559,  -0.46076,   0.25274
   0.57617,  -0.46391,   0.25257
   0.57676,  -0.46705,   0.25240
   0.57735,  -0.47018,   0.25222
   0.57794,  -0.47331,   0.25204
   0.57854,  -0.47643,   0.25186
   0.57914,  -0.47955,   0.25168
   0.57974,  -0.48266,   0.25150
   0.58035,  -0.48576,   0.25131
   0.58096,  -0.48885,   0.25112
   0.58157,  -0.49194,   0.25093
   0.58219,  -0.49502,   0.25073
   0.58280,  -0.49810,   0.25053
   0.58343,  -0.50116,   0.25033
   0.58405,  -0.50422,   0.25013
   0.58468,  -0.50727,   0.24993
   0.58531,  -0.51031,   0.24972
   0.58594,  -0.51335,   0.24951
   0.58658,  -0.51637,   0.24930
   0.58721,  -0.51939,   0.24908
   0.58786,  -0.52240,   0.24886
   0.58850,  -0.52540,   0.24864
   0.58915,  -0.52839,   0.24842
   0.58980,  -0.53138,   0.24819
   0.59045,  -0.53435,   0.24796
   0.59110,  -0.53732,   0.24773
   0.59176,  -0.54027,   0.24749
   0.59242,  -0.54322,   0.24726
   0.59308,  -0.54615,   0.24701
   0.59375,  -0.54908,   0.24677
   0.59442,  -0.55200,   0.24652
   0.59509,  -0.55490,   0.24627
   0.59576,  -0.55780,   0.24602
   0.59644,  -0.56069,   0.24576
   0.59712,  -0.56356,   0.24550
   0.59780,  -0.56642,   0.24524
   0.59848,  -0.56928,   0.24497
   0.59916,  -0.57212,   0.24470
   0.59985,  -0.57495,   0.24443
   0.60054,  -0.57777,   0.24415
   0.60123,  -0.58058,   0.24387
   0.60193,  -0.58338,   0.24359
   0.60262,  -0.58616,   0.24330
   0.60332,  -0.58894,   0.24301
   0.60402,  -0.59170,   0.24272
   0.60473,  -0.59445,   0.24242
   0.60543,  -0.59719,   0.24212
   0.60614,  -0.59991,   0.24182
   0.60685,  -0.60262,   0.24151
