# epsilon_xx, epsilon_yy, epsilon_xy
  -0.00000,  -0.00000,   0.00000
  -0.00077,  -0.00061,  -0.00057
  -0.00154,  -0.00122,  -0.00113
  -0.00231,  -0.00184,  -0.00168
  -0.00308,  -0.00245,  -0.00223
  -0.00384,  -0.00307,  -0.00278
  -0.00461,  -0.00369,  -0.00332
  -0.00537,  -0.00431,  -0.00385
  -0.00613,  -0.00493,  -0.00438
  -0.00689,  -0.00555,  -0.00490
  -0.00765,  -0.00618,  -0.00542
  -0.00840,  -0.00680,  -0.00594
  -0.00916,  -0.00743,  -0.00645
  -0.00991,  -0.00806,  -0.00695
  -0.01066,  -0.00869,  -0.00745
  -0.01141,  -0.00932,  -0.00794
  -0.01215,  -0.00995,  -0.00843
  -0.01290,  -0.01059,  -0.00891
  -0.01364,  -0.01123,  -0.00939
  -0.01438,  -0.01186,  -0.00986
  -0.01512,  -0.01250,  -0.01033
  -0.01585,  -0.01315,  -0.01079
  -0.01659,  -0.01379,  -0.01125
  -0.01732,  -0.01443,  -0.01171
  -0.01805,  -0.01508,  -0.01215
  -0.01877,  -0.01573,  -0.01260
  -0.01950,  -0.01638,  -0.01303
  -0.02022,  -0.01703,  -0.01347
  -0.02094,  -0.01769,  -0.01389
  -0.02166,  -0.01834,  -0.01431
  -0.02237,  -0.01900,  -0.01473
  -0.02308,  -0.01966,  -0.01514
  -0.02379,  -0.02032,  -0.01555
  -0.02450,  -0.02098,  -0.01595
  -0.02520,  -0.02164,  -0.01635
  -0.02591,  -0.02231,  -0.01674
  -0.02660,  -0.02298,  -0.01713
  -0.02730,  -0.02365,  -0.01751
  -0.02799,  -0.02432,  -0.01789
  -0.02868,  -0.02499,  -0.01826
  -0.02937,  -0.02567,  -0.01863
  -0.03006,  -0.02635,  -0.01899
  -0.03074,  -0.02703,  -0.01935
  -0.03142,  -0.02771,  -0.01970
  -0.03209,  -0.02839,  -0.02005
  -0.03277,  -0.02908,  -0.02039
  -0.03344,  -0.02976,  -0.02073
  -0.03411,  -0.03045,  -0.02106
  -0.03477,  -0.03114,  -0.02139
  -0.03543,  -0.03183,  -0.02171
  -0.03609,  -0.03253,  -0.02203
  -0.03674,  -0.03323,  -0.02235
  -0.03739,  -0.03393,  -0.02265
  -0.03804,  -0.03463,  -0.02296
  -0.03869,  -0.03533,  -0.02326
  -0.03933,  -0.03603,  -0.02355
  -0.03997,  -0.03674,  -0.02384
  -0.04060,  -0.03745,  -0.02412
  -0.04123,  -0.03816,  -0.02440
  -0.04186,  -0.03887,  -0.02468
  -0.04249,  -0.03959,  -0.02495
  -0.04311,  -0.04030,  -0.02521
  -0.04373,  -0.04102,  -0.02547
  -0.04434,  -0.04175,  -0.02573
  -0.04495,  -0.04247,  -0.02598
  -0.04556,  -0.04319,  -0.02623
  -0.04616,  -0.04392,  -0.02647
  -0.04676,  -0.04465,  -0.02670
  -0.04736,  -0.04538,  -0.02694
  -0.04795,  -0.04612,  -0.02716
  -0.04854,  -0.04685,  -0.02739
  -0.04912,  -0.04759,  -0.02761
  -0.04971,  -0.04833,  -0.02782
  -0.05028,  -0.04907,  -0.02803
  -0.05086,  -0.04982,  -0.02823
  -0.05143,  -0.05056,  -0.02843
  -0.05199,  -0.05131,  -0.02863
  -0.05256,  -0.05206,  -0.02882
  -0.05311,  -0.05281,  -0.02900
  -0.05367,  -0.05357,  -0.02919
  -0.05422,  -0.05433,  -0.02936
  -0.05477,  -0.05509,  -0.02954
  -0.05531,  -0.05585,  -0.02970
  -0.05585,  -0.05661,  -0.02987
  -0.05638,  -0.05738,  -0.03003
  -0.05691,  -0.05814,  -0.03018
  -0.05744,  -0.05891,  -0.03033
  -0.05796,  -0.05969,  -0.03048
  -0.05848,  -0.06046,  -0.03062
  -0.05899,  -0.06124,  -0.03075
  -0.05950,  -0.06202,  -0.03089
  -0.06001,  -0.06280,  -0.03101
  -0.06051,  -0.06358,  -0.03114
  -0.06101,  -0.06437,  -0.03126
  -0.06150,  -0.06515,  -0.03137
  -0.06199,  -0.06594,  -0.03148
  -0.06247,  -0.06674,  -0.03159
  -0.06295,  -0.06753,  -0.03169
  -0.06343,  -0.06833,  -0.03179
  -0.06390,  -0.06912,  -0.03188
  -0.06437,  -0.06992,  -0.03197
  -0.06483,  -0.07073,  -0.03206
  -0.06529,  -0.07153,  -0.03214
  -0.06574,  -0.07234,  -0.03221
  -0.06619,  -0.07315,  -0.03229
  -0.06664,  -0.07396,  -0.03235
  -0.06708,  -0.07477,  -0.03242
  -0.06751,  -0.07559,  -0.03248
  -0.06795,  -0.07641,  -0.03253
  -0.06837,  -0.07723,  -0.03259
  -0.06880,  -0.07805,  -0.03263
  -0.06921,  -0.07888,  -0.03268
  -0.06963,  -0.07970,  -0.03272
  -0.07004,  -0.08053,  -0.03275
  -0.07044,  -0.08136,  -0.03278
  -0.07084,  -0.08220,  -0.03281
  -0.07124,  -0.08303,  -0.03283
  -0.07163,  -0.08387,  -0.03285
  -0.07202,  -0.08471,  -0.03287
  -0.07240,  -0.08555,  -0.03288
  -0.07278,  -0.08640,  -0.03289
  -0.07315,  -0.08724,  -0.03289
  -0.07352,  -0.08809,  -0.03289
  -0.07388,  -0.08894,  -0.03288
  -0.07424,  -0.08979,  -0.03288
  -0.07460,  -0.09065,  -0.03286
  -0.07495,  -0.09151,  -0.03285
  -0.07529,  -0.09236,  -0.03283
  -0.07563,  -0.09323,  -0.03280
  -0.07597,  -0.09409,  -0.03278
  -0.07630,  -0.09495,  -0.03275
  -0.07663,  -0.09582,  -0.03271
  -0.07695,  -0.09669,  -0.03267
  -0.07726,  -0.09756,  -0.03263
  -0.07758,  -0.09844,  -0.03258
  -0.07788,  -0.09931,  -0.03253
  -0.07819,  -0.10019,  -0.03248
  -0.07849,  -0.10107,  -0.03242
  -0.07878,  -0.10196,  -0.03236
  -0.07907,  -0.10284,  -0.03230
  -0.07935,  -0.10373,  -0.03223
  -0.07963,  -0.10462,  -0.03216
  -0.07991,  -0.10551,  -0.03209
  -0.08018,  -0.10640,  -0.03201
  -0.08044,  -0.10729,  -0.03192
  -0.08071,  -0.10819,  -0.03184
  -0.08096,  -0.10909,  -0.03175
  -0.08121,  -0.10999,  -0.03166
  -0.08146,  -0.11089,  -0.03156
  -0.08170,  -0.11180,  -0.03146
  -0.08194,  -0.11271,  -0.03136
  -0.08217,  -0.11361,  -0.03125
  -0.08240,  -0.11453,  -0.03114
  -0.08262,  -0.11544,  -0.03103
  -0.08284,  -0.11635,  -0.03091
  -0.08306,  -0.11727,  -0.03079
  -0.08326,  -0.11819,  -0.03067
  -0.08347,  -0.11911,  -0.03055
  -0.08367,  -0.12003,  -0.03042
  -0.08386,  -0.12096,  -0.03028
  -0.08405,  -0.12189,  -0.03015
  -0.08424,  -0.12281,  -0.03001
  -0.08442,  -0.12374,  -0.02987
  -0.08460,  -0.12468,  -0.02972
  -0.08477,  -0.12561,  -0.02957
  -0.08494,  -0.12655,  -0.02942
  -0.08510,  -0.12749,  -0.02927
  -0.08526,  -0.12843,  -0.02911
  -0.08541,  -0.12937,  -0.02895
  -0.08556,  -0.13031,  -0.02878
  -0.08570,  -0.13126,  -0.02862
  -0.08584,  -0.13221,  -0.02844
  -0.08597,  -0.13316,  -0.02827
  -0.08610,  -0.13411,  -0.02810
  -0.08623,  -0.13506,  -0.02792
  -0.08635,  -0.13602,  -0.02773
  -0.08647,  -0.13697,  -0.02755
  -0.08658,  -0.13793,  -0.02736
  -0.08668,  -0.13889,  -0.02717
  -0.08679,  -0.13985,  -0.02698
  -0.08689,  -0.14082,  -0.02678
  -0.08698,  -0.14178,  -0.02658
  -0.08707,  -0.14275,  -0.02638
  -0.08715,  -0.14372,  -0.02617
  -0.08723,  -0.14469,  -0.02597
  -0.08731,  -0.14567,  -0.02576
  -0.08738,  -0.14664,  -0.02554
  -0.08744,  -0.14762,  -0.02533
  -0.08751,  -0.14859,  -0.02511
  -0.08756,  -0.14957,  -0.02489
  -0.08762,  -0.15055,  -0.02466
  -0.08766,  -0.15154,  -0.02444
  -0.08771,  -0.15252,  -0.02421
  -0.08775,  -0.15351,  -0.02398
  -0.08778,  -0.15450,  -0.02374
  -0.08781,  -0.15549,  -0.02351
  -0.08784,  -0.15648,  -0.02327
  -0.08786,  -0.15747,  -0.02303
  -0.08788,  -0.15846,  -0.02278
  -0.08789,  -0.15946,  -0.02254
  -0.08790,  -0.16046,  -0.02229
  -0.08791,  -0.16146,  -0.02204
  -0.08791,  -0.16246,  -0.02178
  -0.08791,  -0.16346,  -0.02153
  -0.08790,  -0.16446,  -0.02127
  -0.08789,  -0.16547,  -0.02101
  -0.08787,  -0.16647,  -0.02074
  -0.08785,  -0.16748,  -0.02048
  -0.08783,  -0.16849,  -0.02021
  -0.08780,  -0.16950,  -0.01994
  -0.08776,  -0.17051,  -0.01967
  -0.08773,  -0.17153,  -0.01939
  -0.08769,  -0.17254,  -0.01912
  -0.08764,  -0.17356,  -0.01884
  -0.08759,  -0.17458,  -0.01856
  -0.08754,  -0.17560,  -0.01828
  -0.08748,  -0.17662,  -0.01799
  -0.08742,  -0.17764,  -0.01770
  -0.08735,  -0.17866,  -0.01741
  -0.08728,  -0.17969,  -0.01712
  -0.08721,  -0.18071,  -0.01683
  -0.08713,  -0.18174,  -0.01653
  -0.08705,  -0.18277,  -0.01624
  -0.08696,  -0.18380,  -0.01594
  -0.08688,  -0.18483,  -0.01564
  -0.08678,  -0.18587,  -0.01533
  -0.08668,  -0.18690,  -0.01503
  -0.08658,  -0.18793,  -0.01472
  -0.08648,  -0.18897,  -0.01441
  -0.08637,  -0.19001,  -0.01410
  -0.08626,  -0.19105,  -0.01379
  -0.08614,  -0.19209,  -0.01348
  -0.08602,  -0.19313,  -0.01316
  -0.08590,  -0.19417,  -0.01284
  -0.08577,  -0.19521,  -0.01252
  -0.08564,  -0.19626,  -0.01220
  -0.08551,  -0.19730,  -0.01188
  -0.08537,  -0.19835,  -0.01156
  -0.08523,  -0.19940,  -0.01123
  -0.08508,  -0.20045,  -0.01090
  -0.08493,  -0.20150,  -0.01057
  -0.08478,  -0.20255,  -0.01024
  -0.08462,  -0.20360,  -0.00991
  -0.08446,  -0.20465,  -0.00958
  -0.08430,  -0.20571,  -0.00924
  -0.08413,  -0.20676,  -0.00891
  -0.08396,  -0.20782,  -0.00857
  -0.08379,  -0.20888,  -0.00823
  -0.08361,  -0.20994,  -0.00789
  -0.08343,  -0.21099,  -0.00754
  -0.08325,  -0.21205,  -0.00720
  -0.08306,  -0.21312,  -0.00686
  -0.08287,  -0.21418,  -0.00651
  -0.08267,  -0.21524,  -0.00616
  -0.08248,  -0.21630,  -0.00581
  -0.08228,  -0.21737,  -0.00546
  -0.08207,  -0.21843,  -0.00511
  -0.08187,  -0.21950,  -0.00476
  -0.08166,  -0.22057,  -0.00440
  -0.08144,  -0.22163,  -0.00405
  -0.08123,  -0.22270,  -0.00369
  -0.08101,  -0.22377,  -0.00333
  -0.08078,  -0.22484,  -0.00297
  -0.08056,  -0.22591,  -0.00261
  -0.08033,  -0.22698,  -0.00225
  -0.08010,  -0.22806,  -0.00189
  -0.07986,  -0.22913,  -0.00153
  -0.07962,  -0.23020,  -0.00116
  -0.07938,  -0.23128,  -0.00080
  -0.07914,  -0.23235,  -0.00043
  -0.07889,  -0.23343,  -0.00007
  -0.07864,  -0.23451,   0.00030
  -0.07839,  -0.23558,   0.00067
  -0.07813,  -0.23666,   0.00104
  -0.07788,  -0.23774,   0.00141
  -0.07761,  -0.23882,   0.00178
  -0.07735,  -0.23990,   0.00215
  -0.07708,  -0.24098,   0.00253
  -0.07681,  -0.24206,   0.00290
  -0.07654,  -0.24314,   0.00328
  -0.07627,  -0.24422,   0.00365
  -0.07599,  -0.24530,   0.00403
  -0.07571,  -0.24639,   0.00441
  -0.07543,  -0.24747,   0.00478
  -0.07514,  -0.24855,   0.00516
  -0.07485,  -0.24964,   0.00554
  -0.07456,  -0.25072,   0.00592
  -0.07427,  -0.25181,   0.00630
  -0.07397,  -0.25289,   0.00668
  -0.07367,  -0.25398,   0.00706
  -0.07337,  -0.25506,   0.00745
  -0.07307,  -0.25615,   0.00783
  -0.07276,  -0.25724,   0.00821
  -0.07245,  -0.25832,   0.00859
  -0.07214,  -0.25941,   0.00898
  -0.07183,  -0.26050,   0.00936
  -0.07152,  -0.26159,   0.00975
  -0.07120,  -0.26267,   0.01013
  -0.07088,  -0.26376,   0.01052
  -0.07056,  -0.26485,   0.01091
  -0.07023,  -0.26594,   0.01129
  -0.06990,  -0.26703,   0.01168
  -0.06958,  -0.26812,   0.01207
  -0.06924,  -0.26921,   0.01245
  -0.06891,  -0.27030,   0.01284
  -0.06857,  -0.27139,   0.01323
  -0.06824,  -0.27248,   0.01362
  -0.06790,  -0.27357,   0.01401
  -0.06756,  -0.27466,   0.01440
  -0.06721,  -0.27575,   0.01479
  -0.06687,  -0.27684,   0.01517
  -0.06652,  -0.27793,   0.01556
  -0.06617,  -0.27903,   0.01595
  -0.06581,  -0.28012,   0.01634
  -0.06546,  -0.28121,   0.01673
  -0.06510,  -0.28230,   0.01712
  -0.06475,  -0.28339,   0.01751
  -0.06439,  -0.28448,   0.01790
  -0.06403,  -0.28557,   0.01829
  -0.06366,  -0.28666,   0.01868
  -0.06330,  -0.28776,   0.01907
  -0.06293,  -0.28885,   0.01946
  -0.06256,  -0.28994,   0.01985
  -0.06219,  -0.29103,   0.02024
  -0.06182,  -0.29212,   0.02063
  -0.06144,  -0.29321,   0.02102
  -0.06107,  -0.29430,   0.02141
  -0.06069,  -0.29539,   0.02180
  -0.06031,  -0.29648,   0.02219
  -0.05993,  -0.29757,   0.02258
  -0.05954,  -0.29866,   0.02297
  -0.05916,  -0.29975,   0.02336
  -0.05877,  -0.30084,   0.02375
  -0.05839,  -0.30193,   0.02414
  -0.05800,  -0.30302,   0.02453
  -0.05761,  -0.30411,   0.02491
  -0.05722,  -0.30520,   0.02530
  -0.05682,  -0.30629,   0.02569
  -0.05643,  -0.30738,   0.02608
  -0.05603,  -0.30847,   0.02646
  -0.05563,  -0.30956,   0.02685
  -0.05523,  -0.31065,   0.02724
  -0.05483,  -0.31173,   0.02762
  -0.05443,  -0.31282,   0.02801
  -0.05403,  -0.31391,   0.02839
  -0.05362,  -0.31499,   0.02878
  -0.05321,  -0.31608,   0.02916
  -0.05281,  -0.31717,   0.02955
  -0.05240,  -0.31825,   0.02993
  -0.05199,  -0.31934,   0.03032
  -0.05158,  -0.32042,   0.03070
  -0.05116,  -0.32151,   0.03108
  -0.05075,  -0.32259,   0.03146
  -0.05033,  -0.32367,   0.03184
  -0.04992,  -0.32476,   0.03222
  -0.04950,  -0.32584,   0.03261
  -0.04908,  -0.32692,   0.03299
  -0.04866,  -0.32801,   0.03336
  -0.04824,  -0.32909,   0.03374
  -0.04782,  -0.33017,   0.03412
  -0.04739,  -0.33125,   0.03450
  -0.04697,  -0.33233,   0.03488
  -0.04654,  -0.33341,   0.03525
  -0.04612,  -0.33449,   0.03563
  -0.04569,  -0.33556,   0.03600
  -0.04526,  -0.33664,   0.03638
  -0.04483,  -0.33772,   0.03675
  -0.04440,  -0.33880,   0.03713
  -0.04397,  -0.33987,   0.03750
  -0.04354,  -0.34095,   0.03787
  -0.04310,  -0.34202,   0.03824
  -0.04267,  -0.34310,   0.03861
  -0.04223,  -0.34417,   0.03898
  -0.04180,  -0.34524,   0.03935
  -0.04136,  -0.34632,   0.03972
  -0.04092,  -0.34739,   0.04009
  -0.04048,  -0.34846,   0.04045
  -0.04004,  -0.34953,   0.04082
  -0.03960,  -0.35060,   0.04118
  -0.03916,  -0.35167,   0.04155
  -0.03872,  -0.35274,   0.04191
  -0.03828,  -0.35380,   0.04227
  -0.03783,  -0.35487,   0.04264
  -0.03739,  -0.35594,   0.04300
  -0.03694,  -0.35700,   0.04336
  -0.03650,  -0.35807,   0.04372
  -0.03605,  -0.35913,   0.04408
  -0.03560,  -0.36019,   0.04443
  -0.03516,  -0.36126,   0.04479
  -0.03471,  -0.36232,   0.04515
  -0.03426,  -0.36338,   0.04550
  -0.03381,  -0.36444,   0.04586
  -0.03336,  -0.36550,   0.04621
  -0.03291,  -0.36656,   0.04656
  -0.03245,  -0.36761,   0.04692
  -0.03200,  -0.36867,   0.04727
  -0.03155,  -0.36973,   0.04762
  -0.03109,  -0.37078,   0.04797
  -0.03064,  -0.37184,   0.04831
  -0.03018,  -0.37289,   0.04866
  -0.02973,  -0.37394,   0.04901
  -0.02927,  -0.37499,   0.04935
  -0.02882,  -0.37604,   0.04970
  -0.02836,  -0.37709,   0.05004
  -0.02790,  -0.37814,   0.05038
  -0.02745,  -0.37919,   0.05072
  -0.02699,  -0.38024,   0.05106
  -0.02653,  -0.38128,   0.05140
  -0.02607,  -0.38233,   0.05174
  -0.02561,  -0.38337,   0.05208
  -0.02515,  -0.38442,   0.05242
  -0.02469,  -0.38546,   0.05275
  -0.02423,  -0.38650,   0.05309
  -0.02377,  -0.38754,   0.05342
  -0.02330,  -0.38858,   0.05375
  -0.02284,  -0.38962,   0.05409
  -0.02238,  -0.39066,   0.05442
  -0.02192,  -0.39169,   0.05475
  -0.02145,  -0.39273,   0.05508
  -0.02099,  -0.39376,   0.05540
  -0.02052,  -0.39480,   0.05573
  -0.02006,  -0.39583,   0.05606
  -0.01960,  -0.39686,   0.05638
  -0.01913,  -0.39789,   0.05671
  -0.01867,  -0.39892,   0.05703
  -0.01820,  -0.39995,   0.05735
  -0.01773,  -0.40098,   0.05767
  -0.01727,  -0.40200,   0.05799
  -0.01680,  -0.40303,   0.05831
  -0.01633,  -0.40405,   0.05863
  -0.01587,  -0.40508,   0.05894
  -0.01540,  -0.40610,   0.05926
  -0.01493,  -0.40712,   0.05958
  -0.01447,  -0.40814,   0.05989
  -0.01400,  -0.40916,   0.06020
  -0.01353,  -0.41018,   0.06051
  -0.01306,  -0.41119,   0.06083
  -0.01259,  -0.41221,   0.06114
  -0.01212,  -0.41322,   0.06144
  -0.01166,  -0.41424,   0.06175
  -0.01119,  -0.41525,   0.06206
  -0.01072,  -0.41626,   0.06237
  -0.01025,  -0.41727,   0.06267
  -0.00978,  -0.41828,   0.06297
  -0.00931,  -0.41929,   0.06328
  -0.00884,  -0.42029,   0.06358
  -0.00837,  -0.42130,   0.06388
  -0.00790,  -0.42230,   0.06418
  -0.00743,  -0.42331,   0.06448
  -0.00696,  -0.42431,   0.06478
  -0.00649,  -0.42531,   0.06508
  -0.00602,  -0.42631,   0.06537
  -0.00555,  -0.42731,   0.06567
  -0.00508,  -0.42830,   0.06596
  -0.00461,  -0.42930,   0.06626
  -0.00414,  -0.43030,   0.06655
  -0.00367,  -0.43129,   0.06684
  -0.00320,  -0.43228,   0.06713
  -0.00273,  -0.43327,   0.06742
  -0.00225,  -0.43426,   0.06771
  -0.00178,  -0.43525,   0.06800
  -0.00131,  -0.43624,   0.06829
  -0.00084,  -0.43723,   0.06858
  -0.00037,  -0.43821,   0.06886
   0.00010,  -0.43920,   0.06915
   0.00057,  -0.44018,   0.06943
   0.00104,  -0.44116,   0.06972
   0.00151,  -0.44214,   0.07000
   0.00198,  -0.44312,   0.07028
   0.00245,  -0.44410,   0.07056
   0.00292,  -0.44508,   0.07084
   0.00340,  -0.44605,   0.07112
   0.00387,  -0.44703,   0.07140
   0.00434,  -0.44800,   0.07168
   0.00481,  -0.44897,   0.07195
   0.00528,  -0.44995,   0.07223
   0.00575,  -0.45092,   0.07250
   0.00622,  -0.45188,   0.07278
   0.00669,  -0.45285,   0.07305
   0.00716,  -0.45382,   0.07333
   0.00763,  -0.45478,   0.07360
   0.00810,  -0.45575,   0.07387
   0.00857,  -0.45671,   0.07414
   0.00904,  -0.45767,   0.07441
   0.00951,  -0.45863,   0.07468
   0.00998,  -0.45959,   0.07495
   0.01045,  -0.46055,   0.07522
   0.01092,  -0.46150,   0.07549
   0.01139,  -0.46246,   0.07576
   0.01186,  -0.46341,   0.07602
   0.01233,  -0.46436,   0.07629
   0.01280,  -0.46531,   0.07656
   0.01326,  -0.46626,   0.07682
   0.01373,  -0.46721,   0.07709
   0.01420,  -0.46816,   0.07735
   0.01467,  -0.46911,   0.07761
   0.01514,  -0.47005,   0.07788
   0.01561,  -0.47100,   0.07814
   0.01607,  -0.47194,   0.07840
   0.01654,  -0.47288,   0.07867
   0.01701,  -0.47382,   0.07893
   0.01748,  -0.47476,   0.07919
   0.01794,  -0.47570,   0.07945
   0.01841,  -0.47663,   0.07971
   0.01888,  -0.47757,   0.07997
   0.01934,  -0.47850,   0.08023
   0.01981,  -0.47943,   0.08049
   0.02028,  -0.48037,   0.08074
   0.02074,  -0.48130,   0.08100
   0.02121,  -0.48222,   0.08126
   0.02167,  -0.48315,   0.08152
   0.02214,  -0.48408,   0.08178
   0.02260,  -0.48500,   0.08203
   0.02307,  -0.48593,   0.08229
   0.02353,  -0.48685,   0.08255
   0.02400,  -0.48777,   0.08280
   0.02446,  -0.48869,   0.08306
   0.02492,  -0.48961,   0.08332
   0.02539,  -0.49053,   0.08357
   0.02585,  -0.49145,   0.08383
   0.02631,  -0.49236,   0.08409
   0.02678,  -0.49327,   0.08434
   0.02724,  -0.49419,   0.08460
   0.02770,  -0.49510,   0.08485
   0.02816,  -0.49601,   0.08511
   0.02862,  -0.49692,   0.08536
   0.02908,  -0.49783,   0.08562
   0.02954,  -0.49873,   0.08588
   0.03000,  -0.49964,   0.08613
   0.03046,  -0.50054,   0.08639
   0.03092,  -0.50145,   0.08664
   0.03138,  -0.50235,   0.08690
   0.03184,  -0.50325,   0.08716
   0.03230,  -0.50415,   0.08741
   0.03276,  -0.50505,   0.08767
   0.03322,  -0.50594,   0.08793
   0.03367,  -0.50684,   0.08818
   0.03413,  -0.50773,   0.08844
   0.03459,  -0.50863,   0.08870
   0.03504,  -0.50952,   0.08895
   0.03550,  -0.51041,   0.08921
   0.03595,  -0.51130,   0.08947
   0.03641,  -0.51219,   0.08973
   0.03686,  -0.51307,   0.08999
   0.03732,  -0.51396,   0.09025
   0.03777,  -0.51484,   0.09051
   0.03822,  -0.51573,   0.09077
   0.03868,  -0.51661,   0.09103
   0.03913,  -0.51749,   0.09129
   0.03958,  -0.51837,   0.09155
   0.04003,  -0.51925,   0.09181
   0.04048,  -0.52013,   0.09207
   0.04093,  -0.52100,   0.09234
   0.04138,  -0.52188,   0.09260
   0.04183,  -0.52275,   0.09287
   0.04228,  -0.52363,   0.09313
   0.04273,  -0.52450,   0.09340
   0.04318,  -0.52537,   0.09366
   0.04363,  -0.52624,   0.09393
   0.04407,  -0.52710,   0.09420
   0.04452,  -0.52797,   0.09447
   0.04497,  -0.52884,   0.09473
   0.04541,  -0.52970,   0.09500
   0.04586,  -0.53056,   0.09527
   0.04630,  -0.53143,   0.09555
   0.04675,  -0.53229,   0.09582
   0.04719,  -0.53315,   0.09609
   0.04763,  -0.53401,   0.09637
   0.04807,  -0.53486,   0.09664
   0.04852,  -0.53572,   0.09692
   0.04896,  -0.53657,   0.09719
   0.04940,  -0.53743,   0.09747
   0.04984,  -0.53828,   0.09775
   0.05028,  -0.53913,   0.09803
   0.05071,  -0.53998,   0.09831
   0.05115,  -0.54083,   0.09860
   0.05159,  -0.54168,   0.09888
   0.05203,  -0.54253,   0.09916
   0.05246,  -0.54337,   0.09945
   0.05290,  -0.54422,   0.09974
   0.05333,  -0.54506,   0.10002
   0.05377,  -0.54590,   0.10031
   0.05420,  -0.54674,   0.10060
   0.05463,  -0.54758,   0.10090
   0.05507,  -0.54842,   0.10119
   0.05550,  -0.54926,   0.10149
   0.05593,  -0.55010,   0.10178
   0.05636,  -0.55093,   0.10208
   0.05679,  -0.55177,   0.10238
   0.05721,  -0.55260,   0.10268
   0.05764,  -0.55343,   0.10298
   0.05807,  -0.55426,   0.10328
   0.05850,  -0.55509,   0.10359
   0.05892,  -0.55592,   0.10390
   0.05935,  -0.55675,   0.10420
   0.05977,  -0.55757,   0.10451
   0.06019,  -0.55840,   0.10483
   0.06061,  -0.55922,   0.10514
   0.06104,  -0.56004,   0.10545
   0.06146,  -0.56087,   0.10577
   0.06188,  -0.56169,   0.10609
   0.06230,  -0.56251,   0.10641
   0.06271,  -0.56332,   0.10673
   0.06313,  -0.56414,   0.10706
   0.06355,  -0.56496,   0.10738
   0.06396,  -0.56577,   0.10771
   0.06438,  -0.56659,   0.10804
   0.06479,  -0.56740,   0.10837
   0.06520,  -0.56821,   0.10870
   0.06562,  -0.56902,   0.10904
   0.06603,  -0.56983,   0.10938
   0.06644,  -0.57064,   0.10972
   0.06685,  -0.57144,   0.11006
   0.06726,  -0.57225,   0.11040
   0.06766,  -0.57306,   0.11075
   0.06807,  -0.57386,   0.11110
   0.06847,  -0.57466,   0.11145
   0.06888,  -0.57546,   0.11180
   0.06928,  -0.57626,   0.11215
   0.06968,  -0.57706,   0.11251
   0.07009,  -0.57786,   0.11287
   0.07049,  -0.57866,   0.11323
   0.07089,  -0.57945,   0.11360
   0.07128,  -0.58025,   0.11396
   0.07168,  -0.58104,   0.11433
   0.07208,  -0.58183,   0.11470
   0.07247,  -0.58262,   0.11508
   0.07287,  -0.58341,   0.11545
   0.07326,  -0.58420,   0.11583
   0.07365,  -0.58499,   0.11621
   0.07404,  -0.58578,   0.11660
   0.07443,  -0.58656,   0.11698
   0.07482,  -0.58735,   0.11737
   0.07521,  -0.58813,   0.11777
   0.07560,  -0.58891,   0.11816
   0.07598,  -0.58969,   0.11856
   0.07637,  -0.59047,   0.11896
   0.07675,  -0.59125,   0.11936
   0.07713,  -0.59203,   0.11977
   0.07751,  -0.59280,   0.12018
   0.07789,  -0.59358,   0.12059
   0.07827,  -0.59435,   0.12100
   0.07864,  -0.59512,   0.12142
   0.07902,  -0.59589,   0.12184
   0.07939,  -0.59667,   0.12226
   0.07977,  -0.59743,   0.12269
   0.08014,  -0.59820,   0.12312
   0.08051,  -0.59897,   0.12355
   0.08088,  -0.59973,   0.12398
   0.08125,  -0.60050,   0.12442
   0.08161,  -0.60126,   0.12486
   0.08198,  -0.60202,   0.12531
   0.08234,  -0.60279,   0.12576
   0.08271,  -0.60355,   0.12621
   0.08307,  -0.60430,   0.12666
   0.08343,  -0.60506,   0.12712
   0.08379,  -0.60582,   0.12758
   0.08414,  -0.60657,   0.12805
   0.08450,  -0.60733,   0.12851
   0.08485,  -0.60808,   0.12898
   0.08521,  -0.60883,   0.12946
   0.08556,  -0.60958,   0.12994
   0.08591,  -0.61033,   0.13042
   0.08626,  -0.61108,   0.13090
   0.08660,  -0.61182,   0.13139
   0.08695,  -0.61257,   0.13188
   0.08729,  -0.61331,   0.13238
   0.08764,  -0.61406,   0.13288
   0.08798,  -0.61480,   0.13338
   0.08832,  -0.61554,   0.13389
   0.08866,  -0.61628,   0.13440
   0.08899,  -0.61701,   0.13491
   0.08933,  -0.61775,   0.13543
   0.08966,  -0.61849,   0.13595
   0.08999,  -0.61922,   0.13648
   0.09032,  -0.61995,   0.13701
   0.09065,  -0.62068,   0.13754
   0.09098,  -0.62141,   0.13807
   0.09130,  -0.62214,   0.13862
   0.09163,  -0.62287,   0.13916
   0.09195,  -0.62360,   0.13971
   0.09227,  -0.62432,   0.14026
   0.09259,  -0.62504,   0.14082
   0.09291,  -0.62577,   0.14138
   0.09322,  -0.62649,   0.14194
   0.09354,  -0.62721,   0.14251
   0.09385,  -0.62793,   0.14308
   0.09416,  -0.62864,   0.14366
   0.09447,  -0.62936,   0.14424
   0.09478,  -0.63007,   0.14483
   0.09508,  -0.63079,   0.14542
   0.09539,  -0.63150,   0.14601
   0.09569,  -0.63221,   0.14661
   0.09599,  -0.63292,   0.14721
   0.09629,  -0.63362,   0.14782
   0.09658,  -0.63433,   0.14843
   0.09688,  -0.63503,   0.14904
   0.09717,  -0.63574,   0.14966
   0.09746,  -0.63644,   0.15029
   0.09775,  -0.63714,   0.15091
   0.09804,  -0.63784,   0.15155
   0.09832,  -0.63853,   0.15218
   0.09861,  -0.63923,   0.15283
   0.09889,  -0.63993,   0.15347
   0.09917,  -0.64062,   0.15412
   0.09945,  -0.64131,   0.15478
   0.09972,  -0.64200,   0.15544
   0.10000,  -0.64269,   0.15610
   0.10027,  -0.64338,   0.15677
   0.10054,  -0.64406,   0.15745
   0.10081,  -0.64474,   0.15813
   0.10107,  -0.64543,   0.15881
   0.10134,  -0.64611,   0.15950
   0.10160,  -0.64679,   0.16019
   0.10186,  -0.64747,   0.16089
   0.10212,  -0.64814,   0.16159
   0.10238,  -0.64882,   0.16230
   0.10263,  -0.64949,   0.16301
   0.10288,  -0.65016,   0.16373
   0.10313,  -0.65083,   0.16445
   0.10338,  -0.65150,   0.16518
   0.10363,  -0.65217,   0.16591
   0.10387,  -0.65283,   0.16665
   0.10411,  -0.65350,   0.16739
   0.10435,  -0.65416,   0.16814
   0.10459,  -0.65482,   0.16889
   0.10483,  -0.65548,   0.16965
   0.10506,  -0.65613,   0.17041
   0.10529,  -0.65679,   0.17118
   0.10552,  -0.65744,   0.17195
   0.10575,  -0.65809,   0.17273
   0.10597,  -0.65874,   0.17351
   0.10620,  -0.65939,   0.17430
   0.10642,  -0.66004,   0.17509
   0.10663,  -0.66068,   0.17589
   0.10685,  -0.66133,   0.17669
   0.10707,  -0.66197,   0.17750
   0.10728,  -0.66261,   0.17831
   0.10749,  -0.66324,   0.17913
   0.10769,  -0.66388,   0.17996
   0.10790,  -0.66451,   0.18079
   0.10810,  -0.66515,   0.18163
   0.10830,  -0.66578,   0.18247
   0.10850,  -0.66640,   0.18331
   0.10870,  -0.66703,   0.18416
   0.10889,  -0.66766,   0.18502
   0.10908,  -0.66828,   0.18588
   0.10927,  -0.66890,   0.18675
   0.10946,  -0.66952,   0.18763
   0.10965,  -0.67014,   0.18851
   0.10983,  -0.67075,   0.18939
   0.11001,  -0.67136,   0.19028
   0.11019,  -0.67198,   0.19118
   0.11036,  -0.67258,   0.19208
   0.11054,  -0.67319,   0.19299
   0.11071,  -0.67380,   0.19390
   0.11087,  -0.67440,   0.19482
   0.11104,  -0.67500,   0.19574
   0.11121,  -0.67560,   0.19667
   0.11137,  -0.67620,   0.19761
   0.11153,  -0.67679,   0.19855
   0.11168,  -0.67739,   0.19950
   0.11184,  -0.67798,   0.20045
   0.11199,  -0.67857,   0.20141
   0.11214,  -0.67915,   0.20237
   0.11229,  -0.67974,   0.20335
   0.11243,  -0.68032,   0.20432
   0.11257,  -0.68090,   0.20530
   0.11271,  -0.68148,   0.20629
   0.11285,  -0.68205,   0.20729
   0.11299,  -0.68263,   0.20829
   0.11312,  -0.68320,   0.20929
   0.11325,  -0.68377,   0.21030
   0.11338,  -0.68433,   0.21132
   0.11350,  -0.68490,   0.21234
   0.11362,  -0.68546,   0.21337
   0.11374,  -0.68602,   0.21441
   0.11386,  -0.68658,   0.21545
   0.11398,  -0.68713,   0.21650
   0.11409,  -0.68768,   0.21755
   0.11420,  -0.68824,   0.21861
   0.11431,  -0.68878,   0.21968
   0.11442,  -0.68933,   0.22075
   0.11452,  -0.68987,   0.22183
   0.11462,  -0.69041,   0.22291
   0.11472,  -0.69095,   0.22400
   0.11481,  -0.69149,   0.22510
   0.11491,  -0.69202,   0.22620
   0.11500,  -0.69255,   0.22731
   0.11508,  -0.69308,   0.22843
   0.11517,  -0.69361,   0.22955
   0.11525,  -0.69413,   0.23068
   0.11533,  -0.69465,   0.23181
   0.11541,  -0.69517,   0.23295
   0.11549,  -0.69569,   0.23409
   0.11556,  -0.69620,   0.23525
   0.11563,  -0.69671,   0.23641
   0.11570,  -0.69722,   0.23757
   0.11576,  -0.69772,   0.23874
   0.11583,  -0.69823,   0.23992
   0.11589,  -0.69873,   0.24110
   0.11595,  -0.69922,   0.24229
   0.11600,  -0.69972,   0.24349
   0.11605,  -0.70021,   0.24469
   0.11611,  -0.70070,   0.24590
   0.11615,  -0.70119,   0.24712
   0.11620,  -0.70167,   0.24834
   0.11624,  -0.70215,   0.24957
   0.11628,  -0.70263,   0.25080
   0.11632,  -0.70310,   0.25204
   0.11635,  -0.70358,   0.25329
   0.11639,  -0.70405,   0.25455
   0.11642,  -0.70451,   0.25581
   0.11645,  -0.70498,   0.25707
   0.11647,  -0.70544,   0.25835
   0.11649,  -0.70590,   0.25963
   0.11651,  -0.70635,   0.26091
   0.11653,  -0.70680,   0.26221
   0.11655,  -0.70725,   0.26351
   0.11656,  -0.70770,   0.26481
   0.11657,  -0.70814,   0.26612
   0.11658,  -0.70858,   0.26744
   0.11658,  -0.70902,   0.26877
   0.11658,  -0.70945,   0.27010
   0.11658,  -0.70988,   0.27144
   0.11658,  -0.71031,   0.27279
   0.11658,  -0.71074,   0.27414
   0.11657,  -0.71116,   0.27550
   0.11656,  -0.71158,   0.27686
   0.11655,  -0.71199,   0.27823
   0.11653,  -0.71241,   0.27961
   0.11651,  -0.71281,   0.28099
   0.11649,  -0.71322,   0.28239
   0.11647,  -0.71362,   0.28378
   0.11645,  -0.71402,   0.28519
   0.11642,  -0.71442,   0.28660
   0.11639,  -0.71481,   0.28802
   0.11636,  -0.71520,   0.28944
   0.11632,  -0.71559,   0.29087
   0.11629,  -0.71597,   0.29231
   0.11625,  -0.71635,   0.29375
   0.11621,  -0.71673,   0.29521
   0.11616,  -0.71710,   0.29666
   0.11612,  -0.71747,   0.29813
   0.11607,  -0.71784,   0.29960
   0.11602,  -0.71820,   0.30108
   0.11596,  -0.71856,   0.30256
   0.11591,  -0.71891,   0.30405
   0.11585,  -0.71927,   0.30555
   0.11579,  -0.71961,   0.30705
   0.11572,  -0.71996,   0.30857
   0.11566,  -0.72030,   0.31008
   0.11559,  -0.72064,   0.31161
   0.11552,  -0.72097,   0.31314
   0.11545,  -0.72131,   0.31468
   0.11537,  -0.72163,   0.31622
   0.11529,  -0.72196,   0.31777
   0.11521,  -0.72228,   0.31933
   0.11513,  -0.72259,   0.32090
   0.11505,  -0.72291,   0.32247
   0.11496,  -0.72322,   0.32405
   0.11487,  -0.72352,   0.32563
   0.11478,  -0.72382,   0.32722
   0.11469,  -0.72412,   0.32882
   0.11459,  -0.72442,   0.33043
   0.11450,  -0.72471,   0.33204
   0.11440,  -0.72500,   0.33366
   0.11429,  -0.72528,   0.33528
   0.11419,  -0.72556,   0.33691
   0.11408,  -0.72583,   0.33855
   0.11397,  -0.72611,   0.34020
   0.11386,  -0.72637,   0.34185
   0.11375,  -0.72664,   0.34351
   0.11363,  -0.72690,   0.34518
   0.11352,  -0.72715,   0.34685
   0.11340,  -0.72741,   0.34853
   0.11328,  -0.72766,   0.35021
   0.11315,  -0.72790,   0.35191
   0.11303,  -0.72814,   0.35361
   0.11290,  -0.72838,   0.35531
   0.11277,  -0.72861,   0.35702
   0.11264,  -0.72884,   0.35874
   0.11250,  -0.72906,   0.36047
   0.11237,  -0.72928,   0.36220
   0.11223,  -0.72950,   0.36394
   0.11209,  -0.72971,   0.36569
   0.11195,  -0.72992,   0.36744
   0.11180,  -0.73013,   0.36920
   0.11166,  -0.73033,   0.37097
   0.11151,  -0.73052,   0.37274
   0.11136,  -0.73071,   0.37452
   0.11121,  -0.73090,   0.37631
   0.11105,  -0.73109,   0.37810
   0.11090,  -0.73127,   0.37990
   0.11074,  -0.73144,   0.38171
   0.11058,  -0.73161,   0.38352
   0.11042,  -0.73178,   0.38534
   0.11026,  -0.73194,   0.38717
   0.11010,  -0.73210,   0.38900
   0.10993,  -0.73225,   0.39084
   0.10976,  -0.73240,   0.39269
   0.10959,  -0.73255,   0.39454
   0.10942,  -0.73269,   0.39640
   0.10925,  -0.73283,   0.39827
   0.10907,  -0.73296,   0.40014
   0.10889,  -0.73309,   0.40203
   0.10872,  -0.73321,   0.40391
   0.10854,  -0.73333,   0.40581
   0.10835,  -0.73345,   0.40771
   0.10817,  -0.73356,   0.40961
   0.10799,  -0.73366,   0.41153
   0.10780,  -0.73377,   0.41345
   0.10761,  -0.73386,   0.41537
   0.10742,  -0.73396,   0.41731
   0.10723,  -0.73404,   0.41925
   0.10704,  -0.73413,   0.42119
   0.10684,  -0.73421,   0.42314
   0.10665,  -0.73428,   0.42510
   0.10645,  -0.73435,   0.42707
   0.10625,  -0.73442,   0.42904
   0.10605,  -0.73448,   0.43102
   0.10585,  -0.73454,   0.43301
   0.10565,  -0.73459,   0.43500
   0.10545,  -0.73464,   0.43700
   0.10524,  -0.73468,   0.43900
   0.10503,  -0.73472,   0.44102
   0.10483,  -0.73475,   0.44303
   0.10462,  -0.73478,   0.44506
   0.10441,  -0.73481,   0.44709
   0.10420,  -0.73483,   0.44913
   0.10398,  -0.73484,   0.45117
   0.10377,  -0.73485,   0.45322
   0.10355,  -0.73486,   0.45528
   0.10334,  -0.73486,   0.45735
   0.10312,  -0.73486,   0.45942
   0.10290,  -0.73485,   0.46149
   0.10268,  -0.73484,   0.46358
   0.10246,  -0.73482,   0.46567
   0.10224,  -0.73480,   0.46776
   0.10202,  -0.73477,   0.46986
   0.10179,  -0.73474,   0.47197
   0.10157,  -0.73470,   0.47409
   0.10134,  -0.73466,   0.47621
   0.10112,  -0.73462,   0.47834
   0.10089,  -0.73457,   0.48047
   0.10066,  -0.73451,   0.48261
   0.10043,  -0.73445,   0.48476
   0.10020,  -0.73439,   0.48691
   0.09997,  -0.73432,   0.48907
   0.09974,  -0.73424,   0.49124
   0.09951,  -0.73416,   0.49341
   0.09927,  -0.73408,   0.49559
   0.09904,  -0.73399,   0.49777
   0.09880,  -0.73389,   0.49996
   0.09857,  -0.73380,   0.50216
   0.09833,  -0.73369,   0.50436
   0.09810,  -0.73358,   0.50657
   0.09786,  -0.73347,   0.50879
   0.09762,  -0.73335,   0.51101
   0.09738,  -0.73323,   0.51324
   0.09714,  -0.73310,   0.51548
   0.09691,  -0.73297,   0.51772
   0.09667,  -0.73283,   0.51996
   0.09643,  -0.73269,   0.52222
   0.09618,  -0.73254,   0.52447
   0.09594,  -0.73239,   0.52674
   0.09570,  -0.73223,   0.52901
   0.09546,  -0.73206,   0.53129
   0.09522,  -0.73190,   0.53357
   0.09498,  -0.73172,   0.53586
   0.09473,  -0.73155,   0.53816
   0.09449,  -0.73136,   0.54046
   0.09425,  -0.73118,   0.54277
   0.09400,  -0.73098,   0.54508
   0.09376,  -0.73079,   0.54740
   0.09352,  -0.73058,   0.54973
   0.09327,  -0.73038,   0.55206
   0.09303,  -0.73017,   0.55440
   0.09278,  -0.72995,   0.55674
   0.09254,  -0.72973,   0.55909
   0.09230,  -0.72950,   0.56144
   0.09205,  -0.72927,   0.56381
   0.09181,  -0.72903,   0.56617
   0.09156,  -0.72879,   0.56855
   0.09132,  -0.72854,   0.57092
   0.09107,  -0.72829,   0.57331
   0.09083,  -0.72803,   0.57570
   0.09059,  -0.72777,   0.57810
   0.09034,  -0.72750,   0.58050
   0.09010,  -0.72723,   0.58291
   0.08986,  -0.72695,   0.58532
   0.08961,  -0.72667,   0.58774
   0.08937,  -0.72638,   0.59017
   0.08913,  -0.72609,   0.59260
   0.08889,  -0.72579,   0.59503
   0.08865,  -0.72549,   0.59748
   0.08841,  -0.72518,   0.59993
   0.08817,  -0.72487,   0.60238
   0.08792,  -0.72455,   0.60484
   0.08769,  -0.72423,   0.60730
