# epsilon_xx, epsilon_yy, epsilon_xy
   0.00000,  -0.00000,  -0.00000
  -0.00006,   0.00082,   0.00050
  -0.00011,   0.00165,   0.00101
  -0.00015,   0.00247,   0.00152
  -0.00017,   0.00330,   0.00205
  -0.00019,   0.00412,   0.00257
  -0.00020,   0.00495,   0.00311
  -0.00019,   0.00578,   0.00365
  -0.00018,   0.00660,   0.00421
  -0.00016,   0.00743,   0.00476
  -0.00012,   0.00826,   0.00533
  -0.00007,   0.00909,   0.00590
  -0.00002,   0.00992,   0.00648
   0.00005,   0.01074,   0.00706
   0.00013,   0.01157,   0.00765
   0.00021,   0.01240,   0.00825
   0.00031,   0.01323,   0.00886
   0.00042,   0.01406,   0.00947
   0.00054,   0.01489,   0.01009
   0.00067,   0.01572,   0.01071
   0.00081,   0.01655,   0.01134
   0.00096,   0.01738,   0.01198
   0.00112,   0.01821,   0.01262
   0.00129,   0.01905,   0.01327
   0.00147,   0.01988,   0.01392
   0.00166,   0.02071,   0.01459
   0.00187,   0.02154,   0.01525
   0.00208,   0.02237,   0.01593
   0.00230,   0.02320,   0.01661
   0.00254,   0.02403,   0.01729
   0.00278,   0.02486,   0.01798
   0.00303,   0.02570,   0.01868
   0.00330,   0.02653,   0.01938
   0.00357,   0.02736,   0.02009
   0.00386,   0.02819,   0.02080
   0.00415,   0.02902,   0.02152
   0.00446,   0.02985,   0.02224
   0.00477,   0.03068,   0.02297
   0.00510,   0.03152,   0.02370
   0.00543,   0.03235,   0.02444
   0.00578,   0.03318,   0.02519
   0.00613,   0.03401,   0.02594
   0.00650,   0.03484,   0.02669
   0.00687,   0.03567,   0.02745
   0.00726,   0.03650,   0.02822
   0.00765,   0.03733,   0.02899
   0.00806,   0.03816,   0.02976
   0.00847,   0.03899,   0.03054
   0.00890,   0.03981,   0.03132
   0.00933,   0.04064,   0.03211
   0.00978,   0.04147,   0.03291
   0.01023,   0.04230,   0.03370
   0.01070,   0.04313,   0.03451
   0.01117,   0.04395,   0.03531
   0.01165,   0.04478,   0.03612
   0.01215,   0.04561,   0.03694
   0.01265,   0.04643,   0.03776
   0.01316,   0.04726,   0.03858
   0.01368,   0.04808,   0.03941
   0.01421,   0.04891,   0.04024
   0.01475,   0.04973,   0.04108
   0.01530,   0.05055,   0.04192
   0.01586,   0.05138,   0.04276
   0.01642,   0.05220,   0.04361
   0.01700,   0.05302,   0.04446
   0.01759,   0.05384,   0.04531
   0.01818,   0.05466,   0.04617
   0.01878,   0.05548,   0.04703
   0.01940,   0.05630,   0.04790
   0.02002,   0.05712,   0.04877
   0.02065,   0.05794,   0.04964
   0.02129,   0.05875,   0.05052
   0.02194,   0.05957,   0.05139
   0.02259,   0.06039,   0.05228
   0.02326,   0.06120,   0.05316
   0.02393,   0.06202,   0.05405
   0.02461,   0.06283,   0.05494
   0.02530,   0.06364,   0.05584
   0.02600,   0.06445,   0.05674
   0.02671,   0.06526,   0.05764
   0.02743,   0.06607,   0.05854
   0.02815,   0.06688,   0.05945
   0.02888,   0.06769,   0.06036
   0.02962,   0.06850,   0.06127
   0.03037,   0.06931,   0.06218
   0.03113,   0.07011,   0.06310
   0.03189,   0.07092,   0.06402
   0.03266,   0.07172,   0.06494
   0.03344,   0.07252,   0.06587
   0.03423,   0.07332,   0.06680
   0.03503,   0.07413,   0.06773
   0.03583,   0.07492,   0.06866
   0.03664,   0.07572,   0.06959
   0.03746,   0.07652,   0.07053
   0.03828,   0.07732,   0.07147
   0.03911,   0.07811,   0.07241
   0.03995,   0.07891,   0.07335
   0.04080,   0.07970,   0.07429
   0.04165,   0.08049,   0.07524
   0.04251,   0.08128,   0.07619
   0.04338,   0.08207,   0.07714
   0.04426,   0.08286,   0.07809
   0.04514,   0.08365,   0.07904
   0.04603,   0.08443,   0.08000
   0.04692,   0.08522,   0.08095
   0.04782,   0.08600,   0.08191
   0.04873,   0.08679,   0.08287
   0.04964,   0.08757,   0.08383
   0.05056,   0.08835,   0.08480
   0.05149,   0.08913,   0.08576
   0.05242,   0.08990,   0.08673
   0.05336,   0.09068,   0.08769
   0.05431,   0.09145,   0.08866
   0.05526,   0.09223,   0.08963
   0.05621,   0.09300,   0.09060
   0.05717,   0.09377,   0.09157
   0.05814,   0.09454,   0.09254
   0.05912,   0.09530,   0.09351
   0.06009,   0.09607,   0.09449
   0.06108,   0.09683,   0.09546
   0.06207,   0.09760,   0.09644
   0.06306,   0.09836,   0.09741
   0.06406,   0.09912,   0.09839
   0.06507,   0.09988,   0.09936
   0.06608,   0.10064,   0.10034
   0.06709,   0.10139,   0.10132
   0.06811,   0.10214,   0.10230
   0.06913,   0.10290,   0.10328
   0.07016,   0.10365,   0.10426
   0.07120,   0.10440,   0.10524
   0.07223,   0.10515,   0.10622
   0.07328,   0.10589,   0.10720
   0.07432,   0.10664,   0.10818
   0.07537,   0.10738,   0.10916
   0.07643,   0.10812,   0.11014
   0.07748,   0.10886,   0.11112
   0.07855,   0.10960,   0.11210
   0.07961,   0.11033,   0.11308
   0.08068,   0.11107,   0.11406
   0.08175,   0.11180,   0.11504
   0.08283,   0.11253,   0.11602
   0.08391,   0.11326,   0.11700
   0.08499,   0.11399,   0.11798
   0.08608,   0.11471,   0.11896
   0.08717,   0.11544,   0.11994
   0.08826,   0.11616,   0.12092
   0.08935,   0.11688,   0.12189
   0.09045,   0.11760,   0.12287
   0.09155,   0.11832,   0.12385
   0.09265,   0.11903,   0.12482
   0.09376,   0.11974,   0.12580
   0.09487,   0.12045,   0.12677
   0.09598,   0.12116,   0.12775
   0.09709,   0.12187,   0.12872
   0.09820,   0.12258,   0.12969
   0.09932,   0.12328,   0.13066
   0.10044,   0.12398,   0.13163
   0.10156,   0.12468,   0.13260
   0.10268,   0.12538,   0.13357
   0.10380,   0.12607,   0.13454
   0.10493,   0.12677,   0.13550
   0.10605,   0.12746,   0.13647
   0.10718,   0.12815,   0.13743
   0.10831,   0.12884,   0.13839
   0.10944,   0.12952,   0.13935
   0.11057,   0.13021,   0.14031
   0.11170,   0.13089,   0.14127
   0.11283,   0.13157,   0.14223
   0.11396,   0.13225,   0.14318
   0.11510,   0.13292,   0.14413
   0.11623,   0.13360,   0.14509
   0.11736,   0.13427,   0.14604
   0.11850,   0.13494,   0.14698
   0.11963,   0.13560,   0.14793
   0.12077,   0.13627,   0.14887
   0.12190,   0.13693,   0.14982
   0.12303,   0.13759,   0.15076
   0.12417,   0.13825,   0.15170
   0.12530,   0.13891,   0.15263
   0.12643,   0.13956,   0.15357
   0.12756,   0.14022,   0.15450
   0.12870,   0.14087,   0.15543
   0.12983,   0.14151,   0.15636
   0.13095,   0.14216,   0.15729
   0.13208,   0.14280,   0.15821
   0.13321,   0.14345,   0.15913
   0.13433,   0.14409,   0.16005
   0.13546,   0.14472,   0.16097
   0.13658,   0.14536,   0.16188
   0.13770,   0.14599,   0.16280
   0.13882,   0.14662,   0.16371
   0.13994,   0.14725,   0.16461
   0.14106,   0.14787,   0.16552
   0.14217,   0.14850,   0.16642
   0.14328,   0.14912,   0.16732
   0.14439,   0.14974,   0.16821
   0.14550,   0.15035,   0.16911
   0.14660,   0.15097,   0.17000
   0.14770,   0.15158,   0.17089
   0.14880,   0.15219,   0.17177
   0.14990,   0.15280,   0.17265
   0.15099,   0.15340,   0.17353
   0.15208,   0.15400,   0.17441
   0.15317,   0.15460,   0.17528
   0.15426,   0.15520,   0.17615
   0.15534,   0.15580,   0.17702
   0.15642,   0.15639,   0.17788
   0.15749,   0.15698,   0.17874
   0.15856,   0.15757,   0.17960
   0.15963,   0.15816,   0.18045
   0.16069,   0.15874,   0.18130
   0.16175,   0.15932,   0.18215
   0.16281,   0.15990,   0.18299
   0.16386,   0.16048,   0.18383
   0.16490,   0.16105,   0.18467
   0.16595,   0.16162,   0.18550
   0.16698,   0.16219,   0.18633
   0.16802,   0.16276,   0.18715
   0.16905,   0.16332,   0.18797
   0.17007,   0.16388,   0.18879
   0.17109,   0.16444,   0.18961
   0.17210,   0.16500,   0.19042
   0.17311,   0.16555,   0.19122
   0.17412,   0.16610,   0.19202
   0.17512,   0.16665,   0.19282
   0.17611,   0.16720,   0.19362
   0.17710,   0.16774,   0.19441
   0.17808,   0.16829,   0.19519
   0.17906,   0.16882,   0.19597
   0.18003,   0.16936,   0.19675
   0.18099,   0.16990,   0.19753
   0.18195,   0.17043,   0.19829
   0.18291,   0.17096,   0.19906
   0.18386,   0.17148,   0.19982
   0.18480,   0.17201,   0.20058
   0.18573,   0.17253,   0.20133
   0.18666,   0.17305,   0.20207
   0.18758,   0.17356,   0.20282
   0.18850,   0.17408,   0.20355
   0.18940,   0.17459,   0.20429
   0.19031,   0.17509,   0.20502
   0.19120,   0.17560,   0.20574
   0.19209,   0.17610,   0.20646
   0.19297,   0.17660,   0.20717
   0.19384,   0.17710,   0.20788
   0.19471,   0.17760,   0.20859
   0.19557,   0.17809,   0.20929
   0.19642,   0.17858,   0.20998
   0.19726,   0.17907,   0.21067
   0.19810,   0.17955,   0.21136
   0.19893,   0.18003,   0.21204
   0.19975,   0.18051,   0.21271
   0.20056,   0.18099,   0.21338
   0.20137,   0.18146,   0.21405
   0.20216,   0.18193,   0.21471
   0.20295,   0.18240,   0.21536
   0.20373,   0.18287,   0.21601
   0.20450,   0.18333,   0.21665
   0.20527,   0.18379,   0.21729
   0.20602,   0.18425,   0.21793
   0.20677,   0.18471,   0.21855
   0.20750,   0.18516,   0.21917
   0.20823,   0.18561,   0.21979
   0.20895,   0.18606,   0.22040
   0.20966,   0.18650,   0.22101
   0.21037,   0.18694,   0.22161
   0.21106,   0.18738,   0.22220
   0.21174,   0.18782,   0.22279
   0.21242,   0.18825,   0.22337
   0.21308,   0.18868,   0.22395
   0.21374,   0.18911,   0.22452
   0.21439,   0.18953,   0.22508
   0.21502,   0.18996,   0.22564
   0.21565,   0.19037,   0.22619
   0.21627,   0.19079,   0.22674
   0.21687,   0.19121,   0.22728
   0.21747,   0.19162,   0.22782
   0.21806,   0.19202,   0.22835
   0.21864,   0.19243,   0.22887
   0.21921,   0.19283,   0.22938
   0.21976,   0.19323,   0.22989
   0.22031,   0.19363,   0.23040
   0.22085,   0.19402,   0.23090
   0.22137,   0.19442,   0.23139
   0.22189,   0.19480,   0.23187
   0.22240,   0.19519,   0.23235
   0.22289,   0.19557,   0.23282
   0.22337,   0.19595,   0.23329
   0.22385,   0.19633,   0.23375
   0.22431,   0.19671,   0.23420
   0.22476,   0.19708,   0.23465
   0.22521,   0.19745,   0.23509
   0.22564,   0.19781,   0.23552
   0.22605,   0.19817,   0.23595
   0.22646,   0.19853,   0.23637
   0.22686,   0.19889,   0.23678
   0.22725,   0.19925,   0.23719
   0.22762,   0.19960,   0.23758
   0.22798,   0.19995,   0.23798
   0.22834,   0.20029,   0.23836
   0.22868,   0.20063,   0.23874
   0.22901,   0.20097,   0.23911
   0.22932,   0.20131,   0.23948
   0.22963,   0.20164,   0.23983
   0.22992,   0.20197,   0.24019
   0.23020,   0.20230,   0.24053
   0.23048,   0.20263,   0.24087
   0.23073,   0.20295,   0.24119
   0.23098,   0.20327,   0.24152
   0.23122,   0.20358,   0.24183
   0.23144,   0.20390,   0.24214
   0.23165,   0.20421,   0.24244
   0.23185,   0.20451,   0.24273
   0.23204,   0.20482,   0.24302
   0.23221,   0.20512,   0.24330
   0.23238,   0.20542,   0.24357
   0.23253,   0.20571,   0.24383
   0.23266,   0.20601,   0.24409
   0.23279,   0.20629,   0.24434
   0.23290,   0.20658,   0.24458
   0.23300,   0.20686,   0.24481
   0.23309,   0.20714,   0.24504
   0.23317,   0.20742,   0.24526
   0.23323,   0.20769,   0.24547
   0.23329,   0.20797,   0.24567
   0.23332,   0.20823,   0.24587
   0.23335,   0.20850,   0.24605
   0.23336,   0.20876,   0.24623
   0.23336,   0.20902,   0.24641
   0.23335,   0.20927,   0.24657
   0.23333,   0.20953,   0.24673
   0.23329,   0.20978,   0.24688
   0.23324,   0.21002,   0.24702
   0.23318,   0.21026,   0.24715
   0.23310,   0.21050,   0.24728
   0.23301,   0.21074,   0.24739
   0.23291,   0.21097,   0.24750
   0.23280,   0.21121,   0.24760
   0.23267,   0.21143,   0.24770
   0.23253,   0.21166,   0.24778
   0.23237,   0.21188,   0.24786
   0.23221,   0.21210,   0.24793
   0.23203,   0.21231,   0.24799
   0.23184,   0.21252,   0.24804
   0.23163,   0.21273,   0.24809
   0.23141,   0.21293,   0.24813
   0.23118,   0.21314,   0.24815
   0.23093,   0.21334,   0.24817
   0.23068,   0.21353,   0.24819
   0.23040,   0.21372,   0.24819
   0.23012,   0.21391,   0.24819
   0.22982,   0.21410,   0.24817
   0.22951,   0.21428,   0.24815
   0.22919,   0.21446,   0.24812
   0.22885,   0.21463,   0.24808
   0.22850,   0.21481,   0.24804
   0.22814,   0.21498,   0.24798
   0.22776,   0.21514,   0.24792
   0.22737,   0.21531,   0.24785
   0.22696,   0.21546,   0.24777
   0.22655,   0.21562,   0.24768
   0.22612,   0.21577,   0.24759
   0.22567,   0.21592,   0.24748
   0.22522,   0.21607,   0.24737
   0.22475,   0.21621,   0.24724
   0.22427,   0.21635,   0.24711
   0.22377,   0.21649,   0.24698
   0.22326,   0.21662,   0.24683
   0.22274,   0.21675,   0.24667
   0.22220,   0.21687,   0.24651
   0.22165,   0.21700,   0.24633
   0.22109,   0.21712,   0.24615
   0.22051,   0.21723,   0.24596
   0.21993,   0.21734,   0.24576
   0.21932,   0.21745,   0.24555
   0.21871,   0.21756,   0.24534
   0.21808,   0.21766,   0.24511
   0.21744,   0.21776,   0.24488
   0.21678,   0.21785,   0.24464
   0.21612,   0.21794,   0.24439
   0.21544,   0.21803,   0.24413
   0.21474,   0.21811,   0.24386
   0.21403,   0.21820,   0.24358
   0.21331,   0.21827,   0.24329
   0.21258,   0.21835,   0.24300
   0.21183,   0.21842,   0.24270
   0.21107,   0.21848,   0.24238
   0.21030,   0.21855,   0.24206
   0.20952,   0.21860,   0.24173
   0.20872,   0.21866,   0.24140
   0.20791,   0.21871,   0.24105
   0.20708,   0.21876,   0.24069
   0.20625,   0.21881,   0.24033
   0.20540,   0.21885,   0.23996
   0.20453,   0.21888,   0.23957
   0.20366,   0.21892,   0.23918
   0.20277,   0.21895,   0.23879
   0.20187,   0.21898,   0.23838
   0.20095,   0.21900,   0.23796
   0.20003,   0.21902,   0.23754
   0.19909,   0.21903,   0.23710
   0.19814,   0.21905,   0.23666
   0.19717,   0.21905,   0.23621
   0.19619,   0.21906,   0.23575
   0.19520,   0.21906,   0.23528
   0.19420,   0.21905,   0.23480
   0.19319,   0.21905,   0.23431
   0.19216,   0.21904,   0.23382
   0.19112,   0.21902,   0.23331
   0.19007,   0.21900,   0.23280
   0.18901,   0.21898,   0.23228
   0.18793,   0.21896,   0.23175
   0.18684,   0.21893,   0.23121
   0.18574,   0.21889,   0.23067
   0.18463,   0.21885,   0.23011
   0.18350,   0.21881,   0.22955
   0.18237,   0.21877,   0.22897
   0.18122,   0.21872,   0.22839
   0.18006,   0.21866,   0.22780
   0.17888,   0.21861,   0.22720
   0.17770,   0.21855,   0.22659
   0.17650,   0.21848,   0.22598
   0.17529,   0.21841,   0.22535
   0.17407,   0.21834,   0.22472
   0.17284,   0.21826,   0.22408
   0.17160,   0.21818,   0.22343
   0.17034,   0.21810,   0.22277
   0.16908,   0.21801,   0.22210
   0.16780,   0.21791,   0.22143
   0.16651,   0.21782,   0.22075
   0.16521,   0.21772,   0.22005
   0.16390,   0.21761,   0.21935
   0.16257,   0.21750,   0.21864
   0.16124,   0.21739,   0.21793
   0.15989,   0.21727,   0.21720
   0.15853,   0.21715,   0.21647
   0.15717,   0.21702,   0.21572
   0.15579,   0.21689,   0.21497
   0.15440,   0.21676,   0.21422
   0.15300,   0.21662,   0.21345
   0.15159,   0.21648,   0.21267
   0.15016,   0.21633,   0.21189
   0.14873,   0.21618,   0.21110
   0.14729,   0.21602,   0.21030
   0.14583,   0.21586,   0.20949
   0.14437,   0.21570,   0.20868
   0.14290,   0.21553,   0.20785
   0.14141,   0.21536,   0.20702
   0.13991,   0.21518,   0.20618
   0.13841,   0.21500,   0.20533
   0.13689,   0.21481,   0.20448
   0.13537,   0.21462,   0.20362
   0.13383,   0.21443,   0.20274
   0.13229,   0.21423,   0.20187
   0.13073,   0.21403,   0.20098
   0.12916,   0.21382,   0.20008
   0.12759,   0.21361,   0.19918
   0.12600,   0.21339,   0.19827
   0.12441,   0.21317,   0.19735
   0.12281,   0.21295,   0.19643
   0.12119,   0.21272,   0.19550
   0.11957,   0.21248,   0.19456
   0.11794,   0.21224,   0.19361
   0.11630,   0.21200,   0.19265
   0.11465,   0.21175,   0.19169
   0.11299,   0.21150,   0.19072
   0.11132,   0.21124,   0.18974
   0.10964,   0.21098,   0.18876
   0.10795,   0.21072,   0.18777
   0.10626,   0.21044,   0.18677
   0.10455,   0.21017,   0.18576
   0.10284,   0.20989,   0.18475
   0.10112,   0.20960,   0.18373
   0.09939,   0.20932,   0.18270
   0.09765,   0.20902,   0.18167
   0.09591,   0.20872,   0.18062
   0.09415,   0.20842,   0.17958
   0.09239,   0.20811,   0.17852
   0.09062,   0.20780,   0.17746
   0.08884,   0.20748,   0.17639
   0.08705,   0.20716,   0.17531
   0.08526,   0.20683,   0.17423
   0.08346,   0.20650,   0.17314
   0.08165,   0.20616,   0.17205
   0.07983,   0.20582,   0.17095
   0.07800,   0.20548,   0.16984
   0.07617,   0.20512,   0.16872
   0.07433,   0.20477,   0.16760
   0.07249,   0.20441,   0.16647
   0.07063,   0.20404,   0.16534
   0.06877,   0.20367,   0.16420
   0.06690,   0.20329,   0.16305
   0.06503,   0.20291,   0.16190
   0.06314,   0.20253,   0.16074
   0.06126,   0.20214,   0.15958
   0.05936,   0.20174,   0.15841
   0.05746,   0.20134,   0.15723
   0.05555,   0.20094,   0.15605
   0.05364,   0.20053,   0.15486
   0.05171,   0.20011,   0.15367
   0.04979,   0.19969,   0.15247
   0.04785,   0.19926,   0.15127
   0.04591,   0.19883,   0.15006
   0.04397,   0.19840,   0.14884
   0.04202,   0.19796,   0.14762
   0.04006,   0.19751,   0.14639
   0.03810,   0.19706,   0.14516
   0.03613,   0.19660,   0.14392
   0.03416,   0.19614,   0.14268
   0.03218,   0.19567,   0.14144
   0.03019,   0.19520,   0.14018
   0.02820,   0.19472,   0.13893
   0.02621,   0.19424,   0.13766
   0.02421,   0.19375,   0.13640
   0.02220,   0.19326,   0.13513
   0.02019,   0.19276,   0.13385
   0.01818,   0.19226,   0.13257
   0.01616,   0.19175,   0.13128
   0.01413,   0.19123,   0.12999
   0.01210,   0.19071,   0.12870
   0.01007,   0.19019,   0.12740
   0.00803,   0.18966,   0.12610
   0.00599,   0.18912,   0.12479
   0.00395,   0.18858,   0.12348
   0.00190,   0.18804,   0.12216
  -0.00016,   0.18748,   0.12085
  -0.00221,   0.18693,   0.11952
  -0.00428,   0.18636,   0.11820
  -0.00634,   0.18580,   0.11686
  -0.00841,   0.18522,   0.11553
  -0.01048,   0.18464,   0.11419
  -0.01256,   0.18406,   0.11285
  -0.01464,   0.18347,   0.11150
  -0.01672,   0.18287,   0.11016
  -0.01881,   0.18227,   0.10880
  -0.02089,   0.18167,   0.10745
  -0.02299,   0.18105,   0.10609
  -0.02508,   0.18044,   0.10473
  -0.02718,   0.17981,   0.10336
  -0.02928,   0.17918,   0.10200
  -0.03138,   0.17855,   0.10063
  -0.03348,   0.17791,   0.09925
  -0.03559,   0.17726,   0.09788
  -0.03770,   0.17661,   0.09650
  -0.03981,   0.17595,   0.09512
  -0.04193,   0.17529,   0.09373
  -0.04404,   0.17462,   0.09235
  -0.04616,   0.17395,   0.09096
  -0.04828,   0.17327,   0.08957
  -0.05040,   0.17258,   0.08818
  -0.05253,   0.17189,   0.08678
  -0.05465,   0.17119,   0.08539
  -0.05678,   0.17049,   0.08399
  -0.05891,   0.16978,   0.08259
  -0.06104,   0.16907,   0.08119
  -0.06317,   0.16835,   0.07978
  -0.06530,   0.16762,   0.07838
  -0.06743,   0.16689,   0.07697
  -0.06956,   0.16615,   0.07556
  -0.07170,   0.16541,   0.07415
  -0.07383,   0.16466,   0.07274
  -0.07597,   0.16390,   0.07133
  -0.07811,   0.16314,   0.06992
  -0.08024,   0.16237,   0.06850
  -0.08238,   0.16160,   0.06709
  -0.08452,   0.16082,   0.06567
  -0.08666,   0.16004,   0.06425
  -0.08879,   0.15925,   0.06284
  -0.09093,   0.15845,   0.06142
  -0.09307,   0.15765,   0.06000
  -0.09521,   0.15684,   0.05858
  -0.09735,   0.15602,   0.05716
  -0.09948,   0.15520,   0.05575
  -0.10162,   0.15438,   0.05433
  -0.10376,   0.15355,   0.05291
  -0.10589,   0.15271,   0.05149
  -0.10803,   0.15186,   0.05007
  -0.11016,   0.15101,   0.04865
  -0.11230,   0.15015,   0.04723
  -0.11443,   0.14929,   0.04581
  -0.11656,   0.14842,   0.04440
  -0.11869,   0.14755,   0.04298
  -0.12082,   0.14667,   0.04156
  -0.12295,   0.14578,   0.04015
  -0.12508,   0.14489,   0.03873
  -0.12721,   0.14399,   0.03732
  -0.12933,   0.14308,   0.03591
  -0.13145,   0.14217,   0.03450
  -0.13357,   0.14125,   0.03309
  -0.13569,   0.14033,   0.03168
  -0.13781,   0.13940,   0.03027
  -0.13993,   0.13847,   0.02886
  -0.14204,   0.13752,   0.02746
  -0.14415,   0.13657,   0.02606
  -0.14626,   0.13562,   0.02466
  -0.14837,   0.13466,   0.02326
  -0.15047,   0.13369,   0.02186
  -0.15257,   0.13272,   0.02046
  -0.15467,   0.13174,   0.01907
  -0.15677,   0.13076,   0.01768
  -0.15886,   0.12976,   0.01629
  -0.16096,   0.12877,   0.01491
  -0.16305,   0.12776,   0.01352
  -0.16513,   0.12675,   0.01214
  -0.16721,   0.12574,   0.01076
  -0.16929,   0.12471,   0.00939
  -0.17137,   0.12368,   0.00802
  -0.17344,   0.12265,   0.00665
  -0.17551,   0.12161,   0.00528
  -0.17758,   0.12056,   0.00392
  -0.17964,   0.11950,   0.00256
  -0.18170,   0.11844,   0.00120
  -0.18376,   0.11738,  -0.00015
  -0.18581,   0.11631,  -0.00150
  -0.18786,   0.11523,  -0.00285
  -0.18991,   0.11414,  -0.00419
  -0.19195,   0.11305,  -0.00553
  -0.19398,   0.11195,  -0.00687
  -0.19602,   0.11085,  -0.00820
  -0.19804,   0.10974,  -0.00953
  -0.20007,   0.10862,  -0.01085
  -0.20209,   0.10750,  -0.01217
  -0.20411,   0.10637,  -0.01348
  -0.20612,   0.10523,  -0.01479
  -0.20812,   0.10409,  -0.01610
  -0.21013,   0.10294,  -0.01740
  -0.21212,   0.10178,  -0.01869
  -0.21412,   0.10062,  -0.01999
  -0.21610,   0.09945,  -0.02127
  -0.21809,   0.09828,  -0.02255
  -0.22007,   0.09710,  -0.02383
  -0.22204,   0.09591,  -0.02510
  -0.22401,   0.09472,  -0.02637
  -0.22597,   0.09352,  -0.02763
  -0.22793,   0.09232,  -0.02888
  -0.22988,   0.09110,  -0.03013
  -0.23183,   0.08989,  -0.03138
  -0.23377,   0.08866,  -0.03262
  -0.23570,   0.08743,  -0.03385
  -0.23764,   0.08619,  -0.03508
  -0.23956,   0.08495,  -0.03630
  -0.24148,   0.08370,  -0.03751
  -0.24339,   0.08244,  -0.03872
  -0.24530,   0.08118,  -0.03993
  -0.24720,   0.07991,  -0.04112
  -0.24910,   0.07864,  -0.04231
  -0.25099,   0.07735,  -0.04350
  -0.25287,   0.07607,  -0.04467
  -0.25475,   0.07477,  -0.04584
  -0.25662,   0.07347,  -0.04701
  -0.25849,   0.07216,  -0.04817
  -0.26034,   0.07085,  -0.04932
  -0.26220,   0.06953,  -0.05046
  -0.26404,   0.06820,  -0.05160
  -0.26588,   0.06687,  -0.05272
  -0.26772,   0.06553,  -0.05385
  -0.26954,   0.06419,  -0.05496
  -0.27136,   0.06284,  -0.05607
  -0.27317,   0.06148,  -0.05717
  -0.27498,   0.06011,  -0.05826
  -0.27678,   0.05874,  -0.05934
  -0.27857,   0.05737,  -0.06042
  -0.28036,   0.05598,  -0.06149
  -0.28213,   0.05460,  -0.06255
  -0.28391,   0.05320,  -0.06360
  -0.28567,   0.05180,  -0.06465
  -0.28743,   0.05039,  -0.06569
  -0.28918,   0.04898,  -0.06671
  -0.29092,   0.04756,  -0.06773
  -0.29265,   0.04613,  -0.06875
  -0.29438,   0.04470,  -0.06975
  -0.29610,   0.04326,  -0.07074
  -0.29781,   0.04181,  -0.07173
  -0.29952,   0.04036,  -0.07271
  -0.30121,   0.03890,  -0.07368
  -0.30290,   0.03744,  -0.07464
  -0.30459,   0.03597,  -0.07559
  -0.30626,   0.03449,  -0.07653
  -0.30793,   0.03301,  -0.07746
  -0.30958,   0.03152,  -0.07839
  -0.31123,   0.03002,  -0.07930
  -0.31288,   0.02852,  -0.08021
  -0.31451,   0.02701,  -0.08110
  -0.31614,   0.02550,  -0.08199
  -0.31775,   0.02398,  -0.08287
  -0.31936,   0.02245,  -0.08374
  -0.32097,   0.02092,  -0.08459
  -0.32256,   0.01938,  -0.08544
  -0.32414,   0.01784,  -0.08628
  -0.32572,   0.01629,  -0.08711
  -0.32729,   0.01473,  -0.08793
  -0.32885,   0.01317,  -0.08874
  -0.33040,   0.01160,  -0.08954
  -0.33194,   0.01002,  -0.09032
  -0.33348,   0.00844,  -0.09110
  -0.33500,   0.00686,  -0.09187
  -0.33652,   0.00526,  -0.09263
  -0.33803,   0.00366,  -0.09337
  -0.33953,   0.00206,  -0.09411
  -0.34102,   0.00045,  -0.09484
  -0.34250,  -0.00117,  -0.09555
  -0.34397,  -0.00279,  -0.09626
  -0.34544,  -0.00442,  -0.09695
  -0.34689,  -0.00606,  -0.09763
  -0.34834,  -0.00770,  -0.09831
  -0.34977,  -0.00934,  -0.09897
  -0.35120,  -0.01100,  -0.09962
  -0.35262,  -0.01265,  -0.10026
  -0.35403,  -0.01432,  -0.10089
  -0.35543,  -0.01599,  -0.10150
  -0.35682,  -0.01767,  -0.10211
  -0.35820,  -0.01935,  -0.10270
  -0.35957,  -0.02104,  -0.10329
  -0.36094,  -0.02273,  -0.10386
  -0.36229,  -0.02443,  -0.10442
  -0.36364,  -0.02613,  -0.10497
  -0.36497,  -0.02784,  -0.10550
  -0.36630,  -0.02956,  -0.10603
  -0.36761,  -0.03128,  -0.10654
  -0.36892,  -0.03301,  -0.10704
  -0.37021,  -0.03475,  -0.10753
  -0.37150,  -0.03649,  -0.10801
  -0.37278,  -0.03823,  -0.10848
  -0.37405,  -0.03998,  -0.10893
  -0.37530,  -0.04174,  -0.10937
  -0.37655,  -0.04350,  -0.10980
  -0.37779,  -0.04527,  -0.11022
  -0.37902,  -0.04704,  -0.11063
  -0.38024,  -0.04882,  -0.11102
  -0.38145,  -0.05060,  -0.11140
  -0.38265,  -0.05239,  -0.11177
  -0.38384,  -0.05419,  -0.11213
  -0.38502,  -0.05599,  -0.11247
  -0.38618,  -0.05780,  -0.11281
  -0.38734,  -0.05961,  -0.11312
  -0.38849,  -0.06142,  -0.11343
  -0.38963,  -0.06325,  -0.11373
  -0.39076,  -0.06507,  -0.11401
  -0.39188,  -0.06691,  -0.11428
  -0.39299,  -0.06875,  -0.11453
  -0.39409,  -0.07059,  -0.11478
  -0.39517,  -0.07244,  -0.11501
  -0.39625,  -0.07429,  -0.11522
  -0.39732,  -0.07615,  -0.11543
  -0.39838,  -0.07802,  -0.11562
  -0.39942,  -0.07989,  -0.11580
  -0.40046,  -0.08176,  -0.11596
  -0.40149,  -0.08365,  -0.11612
  -0.40250,  -0.08553,  -0.11626
  -0.40351,  -0.08742,  -0.11638
  -0.40450,  -0.08932,  -0.11650
  -0.40549,  -0.09122,  -0.11660
  -0.40646,  -0.09313,  -0.11668
  -0.40742,  -0.09504,  -0.11676
  -0.40838,  -0.09695,  -0.11682
  -0.40932,  -0.09887,  -0.11686
  -0.41025,  -0.10080,  -0.11690
  -0.41117,  -0.10273,  -0.11692
  -0.41208,  -0.10467,  -0.11692
  -0.41298,  -0.10661,  -0.11692
  -0.41387,  -0.10855,  -0.11690
  -0.41475,  -0.11050,  -0.11686
  -0.41562,  -0.11246,  -0.11682
  -0.41648,  -0.11442,  -0.11675
  -0.41732,  -0.11638,  -0.11668
  -0.41816,  -0.11835,  -0.11659
  -0.41898,  -0.12033,  -0.11649
  -0.41980,  -0.12231,  -0.11638
  -0.42060,  -0.12429,  -0.11625
  -0.42139,  -0.12628,  -0.11610
  -0.42217,  -0.12827,  -0.11595
  -0.42295,  -0.13027,  -0.11578
  -0.42370,  -0.13227,  -0.11559
  -0.42445,  -0.13428,  -0.11539
  -0.42519,  -0.13629,  -0.11518
  -0.42592,  -0.13831,  -0.11496
  -0.42663,  -0.14033,  -0.11472
  -0.42734,  -0.14235,  -0.11446
  -0.42803,  -0.14438,  -0.11420
  -0.42872,  -0.14641,  -0.11392
  -0.42939,  -0.14845,  -0.11362
  -0.43005,  -0.15049,  -0.11331
  -0.43070,  -0.15254,  -0.11299
  -0.43134,  -0.15459,  -0.11265
  -0.43196,  -0.15664,  -0.11230
  -0.43258,  -0.15870,  -0.11194
  -0.43319,  -0.16076,  -0.11156
  -0.43378,  -0.16283,  -0.11116
  -0.43436,  -0.16490,  -0.11076
  -0.43494,  -0.16698,  -0.11034
  -0.43550,  -0.16906,  -0.10990
  -0.43605,  -0.17114,  -0.10945
  -0.43658,  -0.17323,  -0.10899
  -0.43711,  -0.17532,  -0.10851
  -0.43763,  -0.17741,  -0.10802
  -0.43813,  -0.17951,  -0.10751
  -0.43862,  -0.18161,  -0.10699
  -0.43911,  -0.18372,  -0.10646
  -0.43958,  -0.18583,  -0.10591
  -0.44004,  -0.18794,  -0.10535
  -0.44048,  -0.19006,  -0.10477
  -0.44092,  -0.19218,  -0.10418
  -0.44135,  -0.19431,  -0.10358
  -0.44176,  -0.19644,  -0.10296
  -0.44216,  -0.19857,  -0.10233
  -0.44255,  -0.20070,  -0.10168
  -0.44293,  -0.20284,  -0.10102
  -0.44330,  -0.20499,  -0.10034
  -0.44366,  -0.20713,  -0.09965
  -0.44400,  -0.20928,  -0.09895
  -0.44434,  -0.21144,  -0.09823
  -0.44466,  -0.21359,  -0.09750
  -0.44497,  -0.21575,  -0.09675
  -0.44527,  -0.21792,  -0.09599
  -0.44556,  -0.22008,  -0.09522
  -0.44584,  -0.22225,  -0.09443
  -0.44610,  -0.22442,  -0.09363
  -0.44636,  -0.22660,  -0.09281
  -0.44660,  -0.22878,  -0.09198
  -0.44683,  -0.23096,  -0.09114
  -0.44705,  -0.23315,  -0.09028
  -0.44726,  -0.23533,  -0.08941
  -0.44745,  -0.23752,  -0.08852
  -0.44764,  -0.23972,  -0.08762
  -0.44781,  -0.24192,  -0.08671
  -0.44797,  -0.24412,  -0.08578
  -0.44812,  -0.24632,  -0.08483
  -0.44826,  -0.24852,  -0.08388
  -0.44839,  -0.25073,  -0.08291
  -0.44850,  -0.25294,  -0.08192
  -0.44860,  -0.25516,  -0.08092
  -0.44870,  -0.25737,  -0.07991
  -0.44878,  -0.25959,  -0.07888
  -0.44884,  -0.26181,  -0.07784
  -0.44890,  -0.26404,  -0.07679
  -0.44895,  -0.26626,  -0.07572
  -0.44898,  -0.26849,  -0.07464
  -0.44900,  -0.27072,  -0.07354
  -0.44901,  -0.27296,  -0.07243
  -0.44901,  -0.27519,  -0.07131
  -0.44900,  -0.27743,  -0.07017
  -0.44897,  -0.27967,  -0.06902
  -0.44894,  -0.28191,  -0.06786
  -0.44889,  -0.28416,  -0.06668
  -0.44883,  -0.28641,  -0.06548
  -0.44876,  -0.28866,  -0.06428
  -0.44867,  -0.29091,  -0.06306
  -0.44858,  -0.29316,  -0.06183
  -0.44847,  -0.29542,  -0.06058
  -0.44835,  -0.29767,  -0.05932
  -0.44822,  -0.29993,  -0.05804
  -0.44808,  -0.30220,  -0.05676
  -0.44792,  -0.30446,  -0.05546
  -0.44776,  -0.30672,  -0.05414
  -0.44758,  -0.30899,  -0.05281
  -0.44739,  -0.31126,  -0.05147
  -0.44719,  -0.31353,  -0.05012
  -0.44698,  -0.31580,  -0.04875
  -0.44675,  -0.31808,  -0.04737
  -0.44652,  -0.32035,  -0.04597
  -0.44627,  -0.32263,  -0.04456
  -0.44601,  -0.32491,  -0.04314
  -0.44574,  -0.32719,  -0.04171
  -0.44545,  -0.32947,  -0.04026
  -0.44516,  -0.33175,  -0.03880
  -0.44485,  -0.33403,  -0.03732
  -0.44453,  -0.33632,  -0.03584
  -0.44420,  -0.33861,  -0.03434
  -0.44386,  -0.34089,  -0.03282
  -0.44350,  -0.34318,  -0.03130
  -0.44314,  -0.34547,  -0.02976
  -0.44276,  -0.34776,  -0.02820
  -0.44237,  -0.35006,  -0.02664
  -0.44196,  -0.35235,  -0.02506
  -0.44155,  -0.35464,  -0.02347
  -0.44112,  -0.35694,  -0.02187
  -0.44069,  -0.35924,  -0.02025
  -0.44024,  -0.36153,  -0.01862
  -0.43978,  -0.36383,  -0.01698
  -0.43930,  -0.36613,  -0.01532
  -0.43882,  -0.36843,  -0.01365
  -0.43832,  -0.37073,  -0.01197
  -0.43781,  -0.37303,  -0.01028
  -0.43729,  -0.37533,  -0.00858
  -0.43676,  -0.37764,  -0.00686
  -0.43621,  -0.37994,  -0.00513
  -0.43566,  -0.38224,  -0.00339
  -0.43509,  -0.38455,  -0.00163
  -0.43451,  -0.38685,   0.00014
  -0.43391,  -0.38916,   0.00192
  -0.43331,  -0.39146,   0.00371
  -0.43269,  -0.39377,   0.00551
  -0.43207,  -0.39607,   0.00733
  -0.43143,  -0.39838,   0.00916
  -0.43077,  -0.40069,   0.01100
  -0.43011,  -0.40299,   0.01285
  -0.42943,  -0.40530,   0.01471
  -0.42875,  -0.40761,   0.01659
  -0.42805,  -0.40992,   0.01848
  -0.42734,  -0.41222,   0.02038
  -0.42661,  -0.41453,   0.02229
  -0.42588,  -0.41684,   0.02421
  -0.42513,  -0.41914,   0.02615
  -0.42437,  -0.42145,   0.02810
  -0.42360,  -0.42376,   0.03006
  -0.42282,  -0.42606,   0.03203
  -0.42202,  -0.42837,   0.03401
  -0.42122,  -0.43068,   0.03600
  -0.42040,  -0.43298,   0.03801
  -0.41957,  -0.43529,   0.04003
  -0.41872,  -0.43759,   0.04205
  -0.41787,  -0.43990,   0.04409
  -0.41700,  -0.44220,   0.04614
  -0.41613,  -0.44450,   0.04821
  -0.41524,  -0.44681,   0.05028
  -0.41433,  -0.44911,   0.05236
  -0.41342,  -0.45141,   0.05446
  -0.41249,  -0.45371,   0.05657
  -0.41156,  -0.45601,   0.05868
  -0.41061,  -0.45831,   0.06081
  -0.40965,  -0.46061,   0.06295
  -0.40867,  -0.46291,   0.06510
  -0.40769,  -0.46521,   0.06726
  -0.40669,  -0.46750,   0.06944
  -0.40568,  -0.46980,   0.07162
  -0.40466,  -0.47209,   0.07381
  -0.40363,  -0.47439,   0.07602
  -0.40258,  -0.47668,   0.07823
  -0.40153,  -0.47897,   0.08046
  -0.40046,  -0.48126,   0.08269
  -0.39938,  -0.48355,   0.08494
  -0.39829,  -0.48584,   0.08720
  -0.39718,  -0.48812,   0.08947
  -0.39607,  -0.49041,   0.09174
  -0.39494,  -0.49269,   0.09403
  -0.39380,  -0.49498,   0.09633
  -0.39265,  -0.49726,   0.09864
  -0.39148,  -0.49954,   0.10096
  -0.39031,  -0.50182,   0.10329
  -0.38912,  -0.50410,   0.10562
  -0.38792,  -0.50637,   0.10797
  -0.38671,  -0.50865,   0.11033
  -0.38549,  -0.51092,   0.11270
  -0.38426,  -0.51319,   0.11508
  -0.38301,  -0.51546,   0.11747
  -0.38175,  -0.51773,   0.11987
  -0.38048,  -0.51999,   0.12227
  -0.37920,  -0.52226,   0.12469
  -0.37791,  -0.52452,   0.12712
  -0.37661,  -0.52678,   0.12955
  -0.37529,  -0.52904,   0.13200
  -0.37396,  -0.53130,   0.13446
  -0.37262,  -0.53355,   0.13692
  -0.37127,  -0.53581,   0.13939
  -0.36991,  -0.53806,   0.14188
  -0.36853,  -0.54031,   0.14437
  -0.36714,  -0.54255,   0.14687
  -0.36575,  -0.54480,   0.14938
  -0.36434,  -0.54704,   0.15190
  -0.36291,  -0.54928,   0.15443
  -0.36148,  -0.55152,   0.15697
  -0.36004,  -0.55376,   0.15952
  -0.35858,  -0.55599,   0.16208
  -0.35711,  -0.55822,   0.16464
  -0.35563,  -0.56045,   0.16722
  -0.35414,  -0.56268,   0.16980
  -0.35264,  -0.56491,   0.17239
  -0.35112,  -0.56713,   0.17499
  -0.34960,  -0.56935,   0.17760
  -0.34806,  -0.57157,   0.18022
  -0.34651,  -0.57378,   0.18284
  -0.34495,  -0.57600,   0.18548
  -0.34337,  -0.57821,   0.18812
  -0.34179,  -0.58041,   0.19077
  -0.34020,  -0.58262,   0.19343
  -0.33859,  -0.58482,   0.19610
  -0.33697,  -0.58702,   0.19877
  -0.33534,  -0.58922,   0.20146
  -0.33370,  -0.59141,   0.20415
  -0.33205,  -0.59360,   0.20685
  -0.33038,  -0.59579,   0.20956
  -0.32871,  -0.59798,   0.21228
  -0.32702,  -0.60016,   0.21500
  -0.32532,  -0.60234,   0.21773
  -0.32361,  -0.60452,   0.22047
  -0.32189,  -0.60670,   0.22322
  -0.32016,  -0.60887,   0.22598
  -0.31842,  -0.61104,   0.22874
  -0.31666,  -0.61320,   0.23151
  -0.31490,  -0.61537,   0.23429
  -0.31312,  -0.61753,   0.23708
  -0.31133,  -0.61968,   0.23987
  -0.30953,  -0.62184,   0.24267
  -0.30772,  -0.62399,   0.24548
  -0.30590,  -0.62613,   0.24830
  -0.30407,  -0.62828,   0.25112
  -0.30222,  -0.63042,   0.25395
  -0.30037,  -0.63256,   0.25679
  -0.29850,  -0.63469,   0.25964
  -0.29662,  -0.63682,   0.26249
