# epsilon_xx, epsilon_yy, epsilon_xy
   0.00000,   0.00000,   0.00000
  -0.00037,  -0.00206,   0.00007
  -0.00073,  -0.00412,   0.00013
  -0.00109,  -0.00619,   0.00021
  -0.00144,  -0.00826,   0.00028
  -0.00179,  -0.01033,   0.00035
  -0.00213,  -0.01241,   0.00043
  -0.00246,  -0.01449,   0.00051
  -0.00279,  -0.01658,   0.00059
  -0.00312,  -0.01867,   0.00067
  -0.00344,  -0.02076,   0.00076
  -0.00376,  -0.02286,   0.00084
  -0.00407,  -0.02496,   0.00093
  -0.00438,  -0.02707,   0.00102
  -0.00468,  -0.02917,   0.00111
  -0.00497,  -0.03129,   0.00120
  -0.00526,  -0.03340,   0.00130
  -0.00555,  -0.03552,   0.00139
  -0.00583,  -0.03764,   0.00149
  -0.00611,  -0.03976,   0.00159
  -0.00638,  -0.04189,   0.00169
  -0.00665,  -0.04402,   0.00179
  -0.00691,  -0.04616,   0.00189
  -0.00717,  -0.04829,   0.00199
  -0.00742,  -0.05043,   0.00209
  -0.00767,  -0.05257,   0.00219
  -0.00791,  -0.05472,   0.00230
  -0.00815,  -0.05686,   0.00240
  -0.00838,  -0.05901,   0.00251
  -0.00861,  -0.06116,   0.00262
  -0.00884,  -0.06332,   0.00272
  -0.00906,  -0.06548,   0.00283
  -0.00927,  -0.06763,   0.00294
  -0.00948,  -0.06979,   0.00305
  -0.00969,  -0.07196,   0.00315
  -0.00989,  -0.07412,   0.00326
  -0.01009,  -0.07629,   0.00337
  -0.01028,  -0.07846,   0.00348
  -0.01047,  -0.08063,   0.00359
  -0.01065,  -0.08280,   0.00370
  -0.01083,  -0.08497,   0.00381
  -0.01101,  -0.08715,   0.00392
  -0.01118,  -0.08932,   0.00402
  -0.01134,  -0.09150,   0.00413
  -0.01150,  -0.09368,   0.00424
  -0.01166,  -0.09586,   0.00435
  -0.01181,  -0.09804,   0.00446
  -0.01196,  -0.10022,   0.00456
  -0.01211,  -0.10241,   0.00467
  -0.01225,  -0.10459,   0.00477
  -0.01239,  -0.10677,   0.00488
  -0.01252,  -0.10896,   0.00498
  -0.01265,  -0.11115,   0.00509
  -0.01277,  -0.11333,   0.00519
  -0.01289,  -0.11552,   0.00529
  -0.01301,  -0.11771,   0.00540
  -0.01312,  -0.11989,   0.00550
  -0.01323,  -0.12208,   0.00560
  -0.01333,  -0.12427,   0.00569
  -0.01343,  -0.12646,   0.00579
  -0.01353,  -0.12865,   0.00589
  -0.01362,  -0.13084,   0.00598
  -0.01371,  -0.13302,   0.00608
  -0.01379,  -0.13521,   0.00617
  -0.01387,  -0.13740,   0.00626
  -0.01395,  -0.13959,   0.00635
  -0.01402,  -0.14177,   0.00644
  -0.01409,  -0.14396,   0.00652
  -0.01416,  -0.14614,   0.00661
  -0.01422,  -0.14833,   0.00669
  -0.01428,  -0.15051,   0.00677
  -0.01434,  -0.15269,   0.00685
  -0.01439,  -0.15488,   0.00693
  -0.01444,  -0.15706,   0.00701
  -0.01448,  -0.15924,   0.00708
  -0.01452,  -0.16141,   0.00715
  -0.01456,  -0.16359,   0.00723
  -0.01459,  -0.16577,   0.00729
  -0.01462,  -0.16794,   0.00736
  -0.01465,  -0.17011,   0.00743
  -0.01468,  -0.17228,   0.00749
  -0.01470,  -0.17445,   0.00755
  -0.01471,  -0.17662,   0.00761
  -0.01473,  -0.17878,   0.00766
  -0.01474,  -0.18095,   0.00772
  -0.01475,  -0.18311,   0.00777
  -0.01475,  -0.18527,   0.00782
  -0.01475,  -0.18742,   0.00786
  -0.01475,  -0.18958,   0.00791
  -0.01475,  -0.19173,   0.00795
  -0.01474,  -0.19388,   0.00799
  -0.01473,  -0.19602,   0.00802
  -0.01471,  -0.19817,   0.00806
  -0.01470,  -0.20031,   0.00809
  -0.01468,  -0.20245,   0.00812
  -0.01465,  -0.20458,   0.00814
  -0.01463,  -0.20671,   0.00816
  -0.01460,  -0.20884,   0.00818
  -0.01457,  -0.21097,   0.00820
  -0.01453,  -0.21309,   0.00821
  -0.01450,  -0.21521,   0.00822
  -0.01446,  -0.21732,   0.00823
  -0.01441,  -0.21943,   0.00824
  -0.01437,  -0.22154,   0.00824
  -0.01432,  -0.22365,   0.00824
  -0.01427,  -0.22575,   0.00823
  -0.01421,  -0.22784,   0.00823
  -0.01416,  -0.22994,   0.00822
  -0.01410,  -0.23202,   0.00820
  -0.01404,  -0.23411,   0.00819
  -0.01398,  -0.23619,   0.00817
  -0.01391,  -0.23826,   0.00814
  -0.01384,  -0.24034,   0.00812
  -0.01377,  -0.24240,   0.00809
  -0.01370,  -0.24446,   0.00805
  -0.01362,  -0.24652,   0.00801
  -0.01354,  -0.24857,   0.00797
  -0.01346,  -0.25062,   0.00793
  -0.01338,  -0.25266,   0.00788
  -0.01329,  -0.25470,   0.00783
  -0.01321,  -0.25674,   0.00778
  -0.01312,  -0.25876,   0.00772
  -0.01302,  -0.26078,   0.00766
  -0.01293,  -0.26280,   0.00759
  -0.01283,  -0.26481,   0.00752
  -0.01274,  -0.26682,   0.00745
  -0.01264,  -0.26882,   0.00737
  -0.01253,  -0.27081,   0.00729
  -0.01243,  -0.27280,   0.00721
  -0.01232,  -0.27478,   0.00712
  -0.01221,  -0.27676,   0.00703
  -0.01210,  -0.27873,   0.00694
  -0.01199,  -0.28070,   0.00684
  -0.01188,  -0.28266,   0.00673
  -0.01176,  -0.28461,   0.00663
  -0.01164,  -0.28655,   0.00652
  -0.01152,  -0.28849,   0.00640
  -0.01140,  -0.29043,   0.00628
  -0.01128,  -0.29235,   0.00616
  -0.01115,  -0.29427,   0.00603
  -0.01102,  -0.29618,   0.00590
  -0.01090,  -0.29809,   0.00577
  -0.01076,  -0.29999,   0.00563
  -0.01063,  -0.30188,   0.00549
  -0.01050,  -0.30376,   0.00534
  -0.01036,  -0.30564,   0.00519
  -0.01023,  -0.30751,   0.00504
  -0.01009,  -0.30938,   0.00488
  -0.00995,  -0.31123,   0.00472
  -0.00980,  -0.31308,   0.00455
  -0.00966,  -0.31492,   0.00438
  -0.00952,  -0.31675,   0.00421
  -0.00937,  -0.31858,   0.00403
  -0.00922,  -0.32039,   0.00385
  -0.00907,  -0.32220,   0.00366
  -0.00892,  -0.32401,   0.00347
  -0.00877,  -0.32580,   0.00327
  -0.00862,  -0.32758,   0.00307
  -0.00846,  -0.32936,   0.00287
  -0.00830,  -0.33113,   0.00266
  -0.00815,  -0.33289,   0.00245
  -0.00799,  -0.33464,   0.00224
  -0.00783,  -0.33639,   0.00202
  -0.00767,  -0.33812,   0.00179
  -0.00750,  -0.33985,   0.00156
  -0.00734,  -0.34156,   0.00133
  -0.00718,  -0.34327,   0.00110
  -0.00701,  -0.34497,   0.00085
  -0.00684,  -0.34666,   0.00061
  -0.00667,  -0.34835,   0.00036
  -0.00650,  -0.35002,   0.00011
  -0.00633,  -0.35168,  -0.00015
  -0.00616,  -0.35334,  -0.00041
  -0.00599,  -0.35498,  -0.00067
  -0.00581,  -0.35662,  -0.00094
  -0.00564,  -0.35824,  -0.00122
  -0.00546,  -0.35986,  -0.00149
  -0.00529,  -0.36147,  -0.00178
  -0.00511,  -0.36307,  -0.00206
  -0.00493,  -0.36465,  -0.00235
  -0.00475,  -0.36623,  -0.00264
  -0.00457,  -0.36780,  -0.00294
  -0.00439,  -0.36936,  -0.00324
  -0.00421,  -0.37091,  -0.00355
  -0.00402,  -0.37245,  -0.00386
  -0.00384,  -0.37397,  -0.00417
  -0.00365,  -0.37549,  -0.00449
  -0.00347,  -0.37700,  -0.00481
  -0.00328,  -0.37850,  -0.00514
  -0.00309,  -0.37998,  -0.00547
  -0.00290,  -0.38146,  -0.00580
  -0.00271,  -0.38293,  -0.00614
  -0.00252,  -0.38438,  -0.00648
  -0.00233,  -0.38583,  -0.00683
  -0.00214,  -0.38726,  -0.00718
  -0.00195,  -0.38869,  -0.00753
  -0.00176,  -0.39010,  -0.00789
  -0.00156,  -0.39150,  -0.00825
  -0.00137,  -0.39289,  -0.00861
  -0.00117,  -0.39427,  -0.00898
  -0.00098,  -0.39564,  -0.00935
  -0.00078,  -0.39700,  -0.00973
  -0.00058,  -0.39835,  -0.01011
  -0.00039,  -0.39968,  -0.01049
  -0.00019,  -0.40101,  -0.01088
   0.00001,  -0.40232,  -0.01127
   0.00021,  -0.40362,  -0.01167
   0.00041,  -0.40491,  -0.01206
   0.00061,  -0.40619,  -0.01247
   0.00081,  -0.40746,  -0.01287
   0.00102,  -0.40871,  -0.01328
   0.00122,  -0.40996,  -0.01369
   0.00142,  -0.41119,  -0.01411
   0.00163,  -0.41241,  -0.01453
   0.00183,  -0.41362,  -0.01495
   0.00203,  -0.41482,  -0.01538
   0.00224,  -0.41600,  -0.01581
   0.00244,  -0.41717,  -0.01624
   0.00265,  -0.41834,  -0.01668
   0.00286,  -0.41949,  -0.01712
   0.00306,  -0.42062,  -0.01756
   0.00327,  -0.42175,  -0.01801
   0.00348,  -0.42286,  -0.01846
   0.00369,  -0.42396,  -0.01891
   0.00390,  -0.42505,  -0.01936
   0.00411,  -0.42613,  -0.01982
   0.00432,  -0.42719,  -0.02029
   0.00453,  -0.42824,  -0.02075
   0.00474,  -0.42928,  -0.02122
   0.00495,  -0.43031,  -0.02169
   0.00516,  -0.43132,  -0.02217
   0.00538,  -0.43232,  -0.02264
   0.00559,  -0.43331,  -0.02312
   0.00580,  -0.43429,  -0.02361
   0.00601,  -0.43525,  -0.02409
   0.00623,  -0.43620,  -0.02458
   0.00644,  -0.43714,  -0.02507
   0.00666,  -0.43807,  -0.02557
   0.00687,  -0.43898,  -0.02606
   0.00709,  -0.43988,  -0.02656
   0.00730,  -0.44077,  -0.02706
   0.00752,  -0.44164,  -0.02757
   0.00774,  -0.44250,  -0.02808
   0.00795,  -0.44335,  -0.02859
   0.00817,  -0.44418,  -0.02910
   0.00839,  -0.44501,  -0.02961
   0.00861,  -0.44582,  -0.03013
   0.00883,  -0.44661,  -0.03065
   0.00905,  -0.44740,  -0.03117
   0.00927,  -0.44817,  -0.03169
   0.00949,  -0.44892,  -0.03222
   0.00971,  -0.44967,  -0.03275
   0.00993,  -0.45040,  -0.03328
   0.01015,  -0.45111,  -0.03381
   0.01037,  -0.45182,  -0.03435
   0.01059,  -0.45251,  -0.03488
   0.01081,  -0.45318,  -0.03542
   0.01104,  -0.45385,  -0.03596
   0.01126,  -0.45450,  -0.03650
   0.01148,  -0.45514,  -0.03705
   0.01171,  -0.45576,  -0.03759
   0.01193,  -0.45637,  -0.03814
   0.01216,  -0.45697,  -0.03869
   0.01238,  -0.45755,  -0.03924
   0.01261,  -0.45812,  -0.03980
   0.01283,  -0.45868,  -0.04035
   0.01306,  -0.45922,  -0.04091
   0.01329,  -0.45975,  -0.04146
   0.01351,  -0.46027,  -0.04202
   0.01374,  -0.46077,  -0.04258
   0.01397,  -0.46126,  -0.04314
   0.01420,  -0.46173,  -0.04371
   0.01443,  -0.46220,  -0.04427
   0.01466,  -0.46264,  -0.04484
   0.01489,  -0.46308,  -0.04540
   0.01512,  -0.46350,  -0.04597
   0.01535,  -0.46391,  -0.04654
   0.01558,  -0.46430,  -0.04711
   0.01581,  -0.46468,  -0.04768
   0.01604,  -0.46505,  -0.04825
   0.01627,  -0.46540,  -0.04883
   0.01651,  -0.46574,  -0.04940
   0.01674,  -0.46606,  -0.04997
   0.01697,  -0.46638,  -0.05055
   0.01721,  -0.46667,  -0.05112
   0.01744,  -0.46696,  -0.05170
   0.01768,  -0.46723,  -0.05228
   0.01792,  -0.46749,  -0.05286
   0.01815,  -0.46773,  -0.05343
   0.01839,  -0.46796,  -0.05401
   0.01863,  -0.46818,  -0.05459
   0.01886,  -0.46838,  -0.05517
   0.01910,  -0.46857,  -0.05575
   0.01934,  -0.46874,  -0.05633
   0.01958,  -0.46891,  -0.05691
   0.01982,  -0.46905,  -0.05749
   0.02006,  -0.46919,  -0.05807
   0.02030,  -0.46931,  -0.05865
   0.02055,  -0.46942,  -0.05923
   0.02079,  -0.46951,  -0.05981
   0.02103,  -0.46959,  -0.06039
   0.02128,  -0.46966,  -0.06097
   0.02152,  -0.46971,  -0.06155
   0.02177,  -0.46975,  -0.06213
   0.02201,  -0.46977,  -0.06271
   0.02226,  -0.46979,  -0.06329
   0.02250,  -0.46979,  -0.06387
   0.02275,  -0.46977,  -0.06445
   0.02300,  -0.46974,  -0.06502
   0.02325,  -0.46970,  -0.06560
   0.02350,  -0.46964,  -0.06618
   0.02375,  -0.46958,  -0.06675
   0.02400,  -0.46949,  -0.06733
   0.02425,  -0.46940,  -0.06790
   0.02450,  -0.46929,  -0.06848
   0.02476,  -0.46917,  -0.06905
   0.02501,  -0.46903,  -0.06962
   0.02527,  -0.46888,  -0.07019
   0.02552,  -0.46872,  -0.07076
   0.02578,  -0.46854,  -0.07133
   0.02603,  -0.46835,  -0.07190
   0.02629,  -0.46815,  -0.07247
   0.02655,  -0.46793,  -0.07303
   0.02681,  -0.46771,  -0.07360
   0.02707,  -0.46746,  -0.07416
   0.02733,  -0.46721,  -0.07472
   0.02759,  -0.46694,  -0.07528
   0.02785,  -0.46666,  -0.07584
   0.02812,  -0.46636,  -0.07640
   0.02838,  -0.46606,  -0.07695
   0.02864,  -0.46574,  -0.07751
   0.02891,  -0.46540,  -0.07806
   0.02918,  -0.46506,  -0.07861
   0.02944,  -0.46470,  -0.07916
   0.02971,  -0.46432,  -0.07971
   0.02998,  -0.46394,  -0.08025
   0.03025,  -0.46354,  -0.08080
   0.03052,  -0.46313,  -0.08134
   0.03079,  -0.46270,  -0.08188
   0.03107,  -0.46227,  -0.08242
   0.03134,  -0.46182,  -0.08295
   0.03161,  -0.46136,  -0.08349
   0.03189,  -0.46088,  -0.08402
   0.03216,  -0.46040,  -0.08455
   0.03244,  -0.45990,  -0.08508
   0.03272,  -0.45938,  -0.08560
   0.03300,  -0.45886,  -0.08612
   0.03328,  -0.45832,  -0.08664
   0.03356,  -0.45777,  -0.08716
   0.03384,  -0.45721,  -0.08768
   0.03413,  -0.45664,  -0.08819
   0.03441,  -0.45605,  -0.08870
   0.03469,  -0.45545,  -0.08921
   0.03498,  -0.45484,  -0.08971
   0.03527,  -0.45422,  -0.09021
   0.03556,  -0.45358,  -0.09071
   0.03585,  -0.45293,  -0.09121
   0.03614,  -0.45228,  -0.09170
   0.03643,  -0.45160,  -0.09219
   0.03672,  -0.45092,  -0.09268
   0.03701,  -0.45023,  -0.09317
   0.03731,  -0.44952,  -0.09365
   0.03760,  -0.44880,  -0.09413
   0.03790,  -0.44807,  -0.09461
   0.03820,  -0.44733,  -0.09508
   0.03850,  -0.44657,  -0.09555
   0.03880,  -0.44581,  -0.09601
   0.03910,  -0.44503,  -0.09648
   0.03940,  -0.44424,  -0.09694
   0.03970,  -0.44345,  -0.09739
   0.04001,  -0.44263,  -0.09785
   0.04031,  -0.44181,  -0.09830
   0.04062,  -0.44098,  -0.09874
   0.04093,  -0.44013,  -0.09919
   0.04123,  -0.43928,  -0.09963
   0.04154,  -0.43841,  -0.10006
   0.04186,  -0.43753,  -0.10049
   0.04217,  -0.43664,  -0.10092
   0.04248,  -0.43574,  -0.10135
   0.04280,  -0.43483,  -0.10177
   0.04311,  -0.43391,  -0.10219
   0.04343,  -0.43298,  -0.10260
   0.04375,  -0.43204,  -0.10301
   0.04407,  -0.43108,  -0.10341
   0.04439,  -0.43012,  -0.10382
   0.04471,  -0.42914,  -0.10421
   0.04503,  -0.42816,  -0.10461
   0.04535,  -0.42716,  -0.10500
   0.04568,  -0.42616,  -0.10538
   0.04600,  -0.42514,  -0.10577
   0.04633,  -0.42411,  -0.10614
   0.04666,  -0.42308,  -0.10652
   0.04699,  -0.42203,  -0.10689
   0.04732,  -0.42097,  -0.10725
   0.04765,  -0.41990,  -0.10761
   0.04799,  -0.41883,  -0.10797
   0.04832,  -0.41774,  -0.10832
   0.04866,  -0.41664,  -0.10867
   0.04899,  -0.41554,  -0.10902
   0.04933,  -0.41442,  -0.10936
   0.04967,  -0.41330,  -0.10969
   0.05001,  -0.41216,  -0.11002
   0.05035,  -0.41102,  -0.11035
   0.05070,  -0.40986,  -0.11067
   0.05104,  -0.40870,  -0.11099
   0.05138,  -0.40753,  -0.11130
   0.05173,  -0.40635,  -0.11161
   0.05208,  -0.40515,  -0.11191
   0.05243,  -0.40395,  -0.11221
   0.05278,  -0.40275,  -0.11250
   0.05313,  -0.40153,  -0.11279
   0.05348,  -0.40030,  -0.11308
   0.05383,  -0.39907,  -0.11336
   0.05419,  -0.39782,  -0.11363
   0.05454,  -0.39657,  -0.11390
   0.05490,  -0.39531,  -0.11417
   0.05526,  -0.39404,  -0.11443
   0.05562,  -0.39276,  -0.11468
   0.05598,  -0.39147,  -0.11493
   0.05634,  -0.39018,  -0.11518
   0.05670,  -0.38887,  -0.11542
   0.05706,  -0.38756,  -0.11566
   0.05743,  -0.38624,  -0.11589
   0.05779,  -0.38492,  -0.11611
   0.05816,  -0.38358,  -0.11633
   0.05853,  -0.38224,  -0.11655
   0.05890,  -0.38089,  -0.11676
   0.05927,  -0.37953,  -0.11697
   0.05964,  -0.37816,  -0.11717
   0.06001,  -0.37679,  -0.11736
   0.06038,  -0.37541,  -0.11756
   0.06076,  -0.37402,  -0.11774
   0.06113,  -0.37262,  -0.11792
   0.06151,  -0.37122,  -0.11810
   0.06188,  -0.36981,  -0.11827
   0.06226,  -0.36839,  -0.11843
   0.06264,  -0.36696,  -0.11859
   0.06302,  -0.36553,  -0.11874
   0.06340,  -0.36409,  -0.11889
   0.06378,  -0.36265,  -0.11904
   0.06417,  -0.36119,  -0.11918
   0.06455,  -0.35974,  -0.11931
   0.06493,  -0.35827,  -0.11944
   0.06532,  -0.35680,  -0.11956
   0.06571,  -0.35532,  -0.11968
   0.06609,  -0.35383,  -0.11979
   0.06648,  -0.35234,  -0.11990
   0.06687,  -0.35084,  -0.12000
   0.06726,  -0.34934,  -0.12009
   0.06765,  -0.34783,  -0.12018
   0.06804,  -0.34631,  -0.12027
   0.06844,  -0.34479,  -0.12035
   0.06883,  -0.34327,  -0.12042
   0.06922,  -0.34173,  -0.12049
   0.06962,  -0.34019,  -0.12055
   0.07001,  -0.33865,  -0.12061
   0.07041,  -0.33710,  -0.12067
   0.07080,  -0.33554,  -0.12071
   0.07120,  -0.33398,  -0.12075
   0.07160,  -0.33241,  -0.12079
   0.07200,  -0.33084,  -0.12082
   0.07240,  -0.32927,  -0.12085
   0.07280,  -0.32768,  -0.12087
   0.07320,  -0.32610,  -0.12088
   0.07360,  -0.32450,  -0.12089
   0.07400,  -0.32291,  -0.12089
   0.07440,  -0.32131,  -0.12089
   0.07480,  -0.31970,  -0.12088
   0.07521,  -0.31809,  -0.12087
   0.07561,  -0.31647,  -0.12085
   0.07601,  -0.31485,  -0.12083
   0.07642,  -0.31323,  -0.12080
   0.07682,  -0.31160,  -0.12077
   0.07723,  -0.30997,  -0.12073
   0.07763,  -0.30833,  -0.12068
   0.07804,  -0.30669,  -0.12063
   0.07844,  -0.30504,  -0.12057
   0.07885,  -0.30339,  -0.12051
   0.07926,  -0.30174,  -0.12044
   0.07966,  -0.30008,  -0.12037
   0.08007,  -0.29842,  -0.12029
   0.08048,  -0.29676,  -0.12021
   0.08089,  -0.29509,  -0.12012
   0.08129,  -0.29342,  -0.12002
   0.08170,  -0.29174,  -0.11992
   0.08211,  -0.29007,  -0.11982
   0.08252,  -0.28839,  -0.11971
   0.08292,  -0.28670,  -0.11959
   0.08333,  -0.28501,  -0.11947
   0.08374,  -0.28332,  -0.11934
   0.08415,  -0.28163,  -0.11921
   0.08455,  -0.27993,  -0.11907
   0.08496,  -0.27823,  -0.11893
   0.08537,  -0.27653,  -0.11878
   0.08578,  -0.27482,  -0.11862
   0.08618,  -0.27312,  -0.11846
   0.08659,  -0.27141,  -0.11830
   0.08700,  -0.26969,  -0.11813
   0.08740,  -0.26798,  -0.11795
   0.08781,  -0.26626,  -0.11777
   0.08821,  -0.26454,  -0.11759
   0.08862,  -0.26282,  -0.11739
   0.08902,  -0.26110,  -0.11720
   0.08943,  -0.25937,  -0.11699
   0.08983,  -0.25764,  -0.11679
   0.09024,  -0.25592,  -0.11657
   0.09064,  -0.25418,  -0.11636
   0.09104,  -0.25245,  -0.11613
   0.09144,  -0.25072,  -0.11591
   0.09184,  -0.24898,  -0.11567
   0.09224,  -0.24724,  -0.11543
   0.09264,  -0.24550,  -0.11519
   0.09304,  -0.24376,  -0.11494
   0.09344,  -0.24202,  -0.11469
   0.09384,  -0.24028,  -0.11443
   0.09424,  -0.23853,  -0.11416
   0.09463,  -0.23679,  -0.11389
   0.09503,  -0.23504,  -0.11362
   0.09542,  -0.23329,  -0.11334
   0.09581,  -0.23154,  -0.11305
   0.09621,  -0.22979,  -0.11276
   0.09660,  -0.22804,  -0.11247
   0.09699,  -0.22629,  -0.11217
   0.09738,  -0.22454,  -0.11187
   0.09776,  -0.22279,  -0.11156
   0.09815,  -0.22104,  -0.11124
   0.09854,  -0.21929,  -0.11092
   0.09892,  -0.21753,  -0.11060
   0.09930,  -0.21578,  -0.11027
   0.09968,  -0.21402,  -0.10993
   0.10006,  -0.21227,  -0.10960
   0.10044,  -0.21052,  -0.10925
   0.10082,  -0.20876,  -0.10890
   0.10120,  -0.20701,  -0.10855
   0.10157,  -0.20525,  -0.10819
   0.10194,  -0.20350,  -0.10783
   0.10231,  -0.20175,  -0.10746
   0.10268,  -0.19999,  -0.10709
   0.10305,  -0.19824,  -0.10671
   0.10342,  -0.19649,  -0.10633
   0.10378,  -0.19474,  -0.10594
   0.10415,  -0.19299,  -0.10555
   0.10451,  -0.19123,  -0.10516
   0.10487,  -0.18948,  -0.10476
   0.10522,  -0.18773,  -0.10435
   0.10558,  -0.18599,  -0.10395
   0.10593,  -0.18424,  -0.10353
   0.10628,  -0.18249,  -0.10311
   0.10663,  -0.18074,  -0.10269
   0.10698,  -0.17900,  -0.10226
   0.10732,  -0.17726,  -0.10183
   0.10767,  -0.17551,  -0.10140
   0.10801,  -0.17377,  -0.10096
   0.10834,  -0.17203,  -0.10051
   0.10868,  -0.17029,  -0.10007
   0.10901,  -0.16855,  -0.09961
   0.10935,  -0.16682,  -0.09916
   0.10967,  -0.16508,  -0.09869
   0.11000,  -0.16335,  -0.09823
   0.11032,  -0.16162,  -0.09776
   0.11064,  -0.15989,  -0.09729
   0.11096,  -0.15816,  -0.09681
   0.11128,  -0.15643,  -0.09633
   0.11159,  -0.15471,  -0.09584
   0.11190,  -0.15298,  -0.09535
   0.11221,  -0.15126,  -0.09486
   0.11252,  -0.14954,  -0.09436
   0.11282,  -0.14782,  -0.09386
   0.11312,  -0.14611,  -0.09335
   0.11341,  -0.14440,  -0.09284
   0.11371,  -0.14269,  -0.09233
   0.11400,  -0.14098,  -0.09181
   0.11428,  -0.13927,  -0.09129
   0.11457,  -0.13757,  -0.09076
   0.11485,  -0.13586,  -0.09023
   0.11513,  -0.13416,  -0.08970
   0.11540,  -0.13247,  -0.08917
   0.11567,  -0.13077,  -0.08863
   0.11594,  -0.12908,  -0.08808
   0.11620,  -0.12739,  -0.08753
   0.11646,  -0.12570,  -0.08698
   0.11672,  -0.12402,  -0.08643
   0.11698,  -0.12234,  -0.08587
   0.11723,  -0.12066,  -0.08531
   0.11747,  -0.11898,  -0.08475
   0.11772,  -0.11731,  -0.08418
   0.11796,  -0.11564,  -0.08361
   0.11819,  -0.11398,  -0.08303
   0.11842,  -0.11231,  -0.08245
   0.11865,  -0.11065,  -0.08187
   0.11888,  -0.10899,  -0.08129
   0.11910,  -0.10734,  -0.08070
   0.11931,  -0.10569,  -0.08011
   0.11953,  -0.10404,  -0.07951
   0.11973,  -0.10239,  -0.07891
   0.11994,  -0.10075,  -0.07831
   0.12014,  -0.09911,  -0.07771
   0.12033,  -0.09748,  -0.07710
   0.12053,  -0.09585,  -0.07649
   0.12071,  -0.09422,  -0.07588
   0.12090,  -0.09259,  -0.07526
   0.12108,  -0.09097,  -0.07464
   0.12125,  -0.08935,  -0.07402
   0.12142,  -0.08774,  -0.07339
   0.12159,  -0.08613,  -0.07277
   0.12175,  -0.08452,  -0.07213
   0.12191,  -0.08292,  -0.07150
   0.12206,  -0.08132,  -0.07086
   0.12221,  -0.07972,  -0.07023
   0.12235,  -0.07813,  -0.06958
   0.12249,  -0.07654,  -0.06894
   0.12262,  -0.07496,  -0.06829
   0.12275,  -0.07338,  -0.06764
   0.12287,  -0.07180,  -0.06699
   0.12299,  -0.07023,  -0.06633
   0.12311,  -0.06866,  -0.06568
   0.12322,  -0.06710,  -0.06502
   0.12332,  -0.06554,  -0.06435
   0.12342,  -0.06398,  -0.06369
   0.12351,  -0.06243,  -0.06302
   0.12360,  -0.06088,  -0.06235
   0.12369,  -0.05934,  -0.06168
   0.12377,  -0.05780,  -0.06100
   0.12384,  -0.05626,  -0.06033
   0.12391,  -0.05473,  -0.05965
   0.12397,  -0.05321,  -0.05896
   0.12403,  -0.05169,  -0.05828
   0.12408,  -0.05017,  -0.05760
   0.12413,  -0.04865,  -0.05691
   0.12417,  -0.04714,  -0.05622
   0.12420,  -0.04564,  -0.05552
   0.12423,  -0.04414,  -0.05483
   0.12426,  -0.04264,  -0.05413
   0.12428,  -0.04115,  -0.05344
   0.12429,  -0.03967,  -0.05274
   0.12430,  -0.03818,  -0.05203
   0.12430,  -0.03671,  -0.05133
   0.12429,  -0.03523,  -0.05062
   0.12428,  -0.03377,  -0.04991
   0.12427,  -0.03230,  -0.04920
   0.12425,  -0.03084,  -0.04849
   0.12422,  -0.02939,  -0.04778
   0.12419,  -0.02794,  -0.04706
   0.12415,  -0.02649,  -0.04635
   0.12410,  -0.02505,  -0.04563
   0.12405,  -0.02362,  -0.04491
   0.12399,  -0.02219,  -0.04419
   0.12393,  -0.02076,  -0.04346
   0.12386,  -0.01934,  -0.04274
   0.12378,  -0.01792,  -0.04201
   0.12370,  -0.01651,  -0.04129
   0.12361,  -0.01511,  -0.04056
   0.12352,  -0.01371,  -0.03982
   0.12341,  -0.01231,  -0.03909
   0.12331,  -0.01092,  -0.03836
   0.12319,  -0.00953,  -0.03762
   0.12307,  -0.00815,  -0.03689
   0.12295,  -0.00677,  -0.03615
   0.12281,  -0.00540,  -0.03541
   0.12267,  -0.00403,  -0.03467
   0.12253,  -0.00267,  -0.03393
   0.12237,  -0.00131,  -0.03319
   0.12221,   0.00004,  -0.03244
   0.12205,   0.00138,  -0.03170
   0.12187,   0.00273,  -0.03095
   0.12169,   0.00406,  -0.03021
   0.12151,   0.00539,  -0.02946
   0.12131,   0.00672,  -0.02871
   0.12111,   0.00804,  -0.02796
   0.12091,   0.00936,  -0.02721
   0.12069,   0.01067,  -0.02645
   0.12047,   0.01197,  -0.02570
   0.12024,   0.01327,  -0.02495
   0.12001,   0.01457,  -0.02419
   0.11977,   0.01586,  -0.02344
   0.11952,   0.01715,  -0.02268
   0.11926,   0.01843,  -0.02192
   0.11900,   0.01970,  -0.02117
   0.11873,   0.02097,  -0.02041
   0.11845,   0.02223,  -0.01965
   0.11817,   0.02349,  -0.01889
   0.11788,   0.02475,  -0.01813
   0.11758,   0.02600,  -0.01737
   0.11728,   0.02724,  -0.01660
   0.11696,   0.02848,  -0.01584
   0.11664,   0.02971,  -0.01508
   0.11632,   0.03094,  -0.01432
   0.11598,   0.03216,  -0.01355
   0.11564,   0.03338,  -0.01279
   0.11529,   0.03459,  -0.01202
   0.11494,   0.03580,  -0.01126
   0.11457,   0.03700,  -0.01049
   0.11420,   0.03819,  -0.00973
   0.11382,   0.03938,  -0.00896
   0.11344,   0.04057,  -0.00819
   0.11304,   0.04175,  -0.00743
   0.11264,   0.04292,  -0.00666
   0.11224,   0.04409,  -0.00589
   0.11182,   0.04526,  -0.00512
   0.11140,   0.04642,  -0.00436
   0.11097,   0.04757,  -0.00359
   0.11053,   0.04872,  -0.00282
   0.11008,   0.04986,  -0.00205
   0.10963,   0.05100,  -0.00128
   0.10917,   0.05213,  -0.00051
   0.10870,   0.05326,   0.00025
   0.10823,   0.05438,   0.00102
   0.10774,   0.05550,   0.00179
   0.10725,   0.05661,   0.00256
   0.10676,   0.05772,   0.00333
   0.10625,   0.05882,   0.00410
   0.10573,   0.05991,   0.00486
   0.10521,   0.06100,   0.00563
   0.10468,   0.06209,   0.00640
   0.10415,   0.06317,   0.00717
   0.10360,   0.06424,   0.00794
   0.10305,   0.06531,   0.00870
   0.10249,   0.06637,   0.00947
   0.10192,   0.06743,   0.01024
   0.10135,   0.06849,   0.01100
   0.10077,   0.06953,   0.01177
   0.10018,   0.07058,   0.01254
   0.09958,   0.07161,   0.01330
   0.09897,   0.07265,   0.01407
   0.09836,   0.07367,   0.01483
   0.09774,   0.07469,   0.01560
   0.09711,   0.07571,   0.01636
   0.09647,   0.07672,   0.01713
   0.09582,   0.07773,   0.01789
   0.09517,   0.07873,   0.01865
   0.09451,   0.07972,   0.01941
   0.09384,   0.08071,   0.02017
   0.09317,   0.08170,   0.02094
   0.09248,   0.08268,   0.02170
   0.09179,   0.08365,   0.02246
   0.09109,   0.08462,   0.02321
   0.09039,   0.08559,   0.02397
   0.08967,   0.08654,   0.02473
   0.08895,   0.08750,   0.02549
   0.08822,   0.08845,   0.02624
   0.08748,   0.08939,   0.02700
   0.08674,   0.09033,   0.02776
   0.08598,   0.09126,   0.02851
   0.08522,   0.09219,   0.02926
   0.08445,   0.09311,   0.03002
   0.08368,   0.09403,   0.03077
   0.08289,   0.09494,   0.03152
   0.08210,   0.09585,   0.03227
   0.08130,   0.09675,   0.03302
   0.08049,   0.09765,   0.03376
   0.07968,   0.09854,   0.03451
   0.07885,   0.09943,   0.03526
   0.07802,   0.10031,   0.03600
   0.07719,   0.10119,   0.03675
   0.07634,   0.10206,   0.03749
   0.07549,   0.10293,   0.03823
   0.07463,   0.10379,   0.03897
   0.07376,   0.10465,   0.03971
   0.07288,   0.10550,   0.04045
   0.07200,   0.10635,   0.04119
   0.07111,   0.10719,   0.04193
   0.07021,   0.10803,   0.04266
   0.06930,   0.10886,   0.04340
   0.06839,   0.10969,   0.04413
   0.06747,   0.11051,   0.04486
   0.06654,   0.11132,   0.04559
   0.06560,   0.11214,   0.04632
   0.06466,   0.11294,   0.04705
   0.06370,   0.11375,   0.04778
   0.06275,   0.11455,   0.04850
   0.06178,   0.11534,   0.04923
   0.06080,   0.11613,   0.04995
   0.05982,   0.11691,   0.05067
   0.05884,   0.11769,   0.05139
   0.05784,   0.11846,   0.05211
   0.05684,   0.11923,   0.05283
   0.05583,   0.11999,   0.05354
   0.05481,   0.12075,   0.05426
   0.05378,   0.12151,   0.05497
   0.05275,   0.12226,   0.05568
   0.05171,   0.12300,   0.05639
   0.05066,   0.12374,   0.05710
   0.04961,   0.12448,   0.05780
   0.04855,   0.12521,   0.05851
   0.04748,   0.12594,   0.05921
   0.04641,   0.12666,   0.05991
   0.04532,   0.12737,   0.06061
   0.04423,   0.12809,   0.06131
   0.04314,   0.12879,   0.06201
   0.04203,   0.12950,   0.06270
   0.04092,   0.13019,   0.06340
   0.03981,   0.13089,   0.06409
   0.03868,   0.13158,   0.06478
   0.03755,   0.13226,   0.06547
   0.03641,   0.13294,   0.06615
   0.03527,   0.13362,   0.06684
   0.03412,   0.13429,   0.06752
   0.03296,   0.13495,   0.06820
   0.03179,   0.13562,   0.06888
   0.03062,   0.13627,   0.06956
   0.02944,   0.13693,   0.07023
   0.02826,   0.13757,   0.07091
   0.02706,   0.13822,   0.07158
   0.02586,   0.13886,   0.07225
   0.02466,   0.13949,   0.07291
   0.02345,   0.14012,   0.07358
   0.02223,   0.14075,   0.07424
   0.02101,   0.14137,   0.07490
   0.01977,   0.14199,   0.07556
   0.01854,   0.14260,   0.07622
   0.01729,   0.14321,   0.07688
   0.01604,   0.14382,   0.07753
   0.01479,   0.14442,   0.07818
   0.01353,   0.14501,   0.07883
   0.01226,   0.14560,   0.07947
   0.01098,   0.14619,   0.08012
   0.00970,   0.14677,   0.08076
   0.00841,   0.14735,   0.08140
   0.00712,   0.14793,   0.08204
   0.00582,   0.14850,   0.08267
   0.00452,   0.14907,   0.08331
   0.00321,   0.14963,   0.08394
   0.00189,   0.15019,   0.08457
   0.00057,   0.15074,   0.08519
  -0.00076,   0.15129,   0.08581
  -0.00210,   0.15184,   0.08644
  -0.00344,   0.15238,   0.08706
  -0.00478,   0.15292,   0.08767
  -0.00613,   0.15345,   0.08829
  -0.00749,   0.15398,   0.08890
  -0.00885,   0.15450,   0.08951
  -0.01022,   0.15503,   0.09011
  -0.01159,   0.15554,   0.09072
  -0.01297,   0.15606,   0.09132
  -0.01436,   0.15657,   0.09192
  -0.01575,   0.15707,   0.09251
  -0.01714,   0.15757,   0.09311
  -0.01854,   0.15807,   0.09370
  -0.01995,   0.15857,   0.09429
  -0.02136,   0.15906,   0.09487
  -0.02277,   0.15954,   0.09546
  -0.02419,   0.16003,   0.09604
  -0.02562,   0.16050,   0.09662
  -0.02705,   0.16098,   0.09719
  -0.02849,   0.16145,   0.09776
  -0.02993,   0.16192,   0.09833
  -0.03137,   0.16238,   0.09890
  -0.03282,   0.16284,   0.09946
  -0.03428,   0.16330,   0.10002
  -0.03574,   0.16375,   0.10058
  -0.03720,   0.16420,   0.10114
  -0.03867,   0.16464,   0.10169
  -0.04014,   0.16508,   0.10224
  -0.04162,   0.16552,   0.10279
  -0.04310,   0.16596,   0.10333
  -0.04459,   0.16639,   0.10387
  -0.04608,   0.16681,   0.10441
  -0.04757,   0.16724,   0.10494
  -0.04907,   0.16766,   0.10547
  -0.05058,   0.16807,   0.10600
  -0.05208,   0.16849,   0.10653
  -0.05359,   0.16890,   0.10705
  -0.05511,   0.16930,   0.10757
  -0.05663,   0.16970,   0.10809
  -0.05815,   0.17010,   0.10860
  -0.05968,   0.17050,   0.10911
  -0.06121,   0.17089,   0.10961
  -0.06275,   0.17128,   0.11012
  -0.06428,   0.17166,   0.11062
  -0.06583,   0.17205,   0.11111
  -0.06737,   0.17242,   0.11161
  -0.06892,   0.17280,   0.11210
  -0.07047,   0.17317,   0.11258
  -0.07203,   0.17354,   0.11307
  -0.07359,   0.17390,   0.11355
  -0.07515,   0.17427,   0.11402
  -0.07672,   0.17463,   0.11450
  -0.07829,   0.17498,   0.11497
  -0.07986,   0.17533,   0.11543
  -0.08143,   0.17568,   0.11590
  -0.08301,   0.17603,   0.11636
  -0.08459,   0.17637,   0.11681
  -0.08618,   0.17671,   0.11726
  -0.08776,   0.17705,   0.11771
  -0.08935,   0.17738,   0.11816
  -0.09095,   0.17771,   0.11860
  -0.09254,   0.17804,   0.11904
  -0.09414,   0.17837,   0.11947
  -0.09574,   0.17869,   0.11990
  -0.09734,   0.17900,   0.12033
  -0.09895,   0.17932,   0.12075
  -0.10055,   0.17963,   0.12117
  -0.10216,   0.17994,   0.12158
  -0.10378,   0.18025,   0.12199
  -0.10539,   0.18055,   0.12240
  -0.10701,   0.18085,   0.12280
  -0.10863,   0.18115,   0.12320
  -0.11025,   0.18145,   0.12360
  -0.11187,   0.18174,   0.12399
  -0.11349,   0.18203,   0.12438
  -0.11512,   0.18232,   0.12476
  -0.11675,   0.18260,   0.12514
  -0.11838,   0.18288,   0.12552
  -0.12001,   0.18316,   0.12589
  -0.12164,   0.18344,   0.12626
  -0.12328,   0.18371,   0.12662
  -0.12491,   0.18398,   0.12698
  -0.12655,   0.18425,   0.12734
  -0.12819,   0.18451,   0.12769
  -0.12983,   0.18478,   0.12803
  -0.13147,   0.18504,   0.12838
  -0.13311,   0.18529,   0.12871
  -0.13476,   0.18555,   0.12905
  -0.13640,   0.18580,   0.12938
  -0.13805,   0.18605,   0.12970
  -0.13970,   0.18630,   0.13003
  -0.14134,   0.18654,   0.13034
  -0.14299,   0.18679,   0.13065
  -0.14464,   0.18703,   0.13096
  -0.14629,   0.18726,   0.13127
  -0.14794,   0.18750,   0.13156
  -0.14959,   0.18773,   0.13186
  -0.15124,   0.18796,   0.13215
  -0.15290,   0.18819,   0.13243
  -0.15455,   0.18842,   0.13271
  -0.15620,   0.18864,   0.13299
  -0.15785,   0.18886,   0.13326
  -0.15951,   0.18908,   0.13353
  -0.16116,   0.18930,   0.13379
  -0.16281,   0.18951,   0.13405
  -0.16447,   0.18973,   0.13430
  -0.16612,   0.18994,   0.13455
  -0.16777,   0.19014,   0.13479
  -0.16943,   0.19035,   0.13503
  -0.17108,   0.19056,   0.13527
  -0.17273,   0.19076,   0.13549
  -0.17438,   0.19096,   0.13572
  -0.17604,   0.19116,   0.13594
  -0.17769,   0.19135,   0.13615
  -0.17934,   0.19155,   0.13636
  -0.18099,   0.19174,   0.13656
  -0.18264,   0.19193,   0.13676
  -0.18428,   0.19212,   0.13696
  -0.18593,   0.19230,   0.13715
  -0.18758,   0.19249,   0.13733
  -0.18923,   0.19267,   0.13751
  -0.19087,   0.19285,   0.13768
  -0.19251,   0.19303,   0.13785
  -0.19416,   0.19321,   0.13801
  -0.19580,   0.19339,   0.13817
  -0.19744,   0.19356,   0.13832
  -0.19908,   0.19373,   0.13847
  -0.20072,   0.19390,   0.13861
  -0.20235,   0.19407,   0.13875
  -0.20399,   0.19424,   0.13888
  -0.20562,   0.19440,   0.13901
  -0.20725,   0.19457,   0.13913
  -0.20888,   0.19473,   0.13924
  -0.21051,   0.19489,   0.13935
  -0.21214,   0.19505,   0.13946
  -0.21376,   0.19521,   0.13956
  -0.21539,   0.19537,   0.13965
  -0.21701,   0.19552,   0.13974
  -0.21863,   0.19568,   0.13982
  -0.22024,   0.19583,   0.13990
  -0.22186,   0.19598,   0.13997
  -0.22347,   0.19613,   0.14003
  -0.22508,   0.19628,   0.14009
  -0.22669,   0.19643,   0.14015
  -0.22829,   0.19657,   0.14019
  -0.22990,   0.19672,   0.14024
  -0.23150,   0.19686,   0.14027
  -0.23310,   0.19700,   0.14030
  -0.23469,   0.19715,   0.14033
  -0.23628,   0.19729,   0.14035
  -0.23787,   0.19743,   0.14036
  -0.23946,   0.19756,   0.14037
  -0.24105,   0.19770,   0.14037
  -0.24263,   0.19784,   0.14036
  -0.24420,   0.19797,   0.14035
  -0.24578,   0.19811,   0.14033
  -0.24735,   0.19824,   0.14031
  -0.24892,   0.19837,   0.14028
  -0.25049,   0.19850,   0.14025
  -0.25205,   0.19863,   0.14021
  -0.25361,   0.19876,   0.14016
  -0.25516,   0.19889,   0.14011
  -0.25672,   0.19902,   0.14005
  -0.25827,   0.19915,   0.13998
  -0.25981,   0.19927,   0.13991
  -0.26135,   0.19940,   0.13983
  -0.26289,   0.19952,   0.13974
  -0.26442,   0.19965,   0.13965
  -0.26595,   0.19977,   0.13956
  -0.26748,   0.19990,   0.13945
  -0.26900,   0.20002,   0.13934
  -0.27052,   0.20014,   0.13922
  -0.27204,   0.20026,   0.13910
  -0.27355,   0.20039,   0.13897
  -0.27505,   0.20051,   0.13883
