# epsilon_xx, epsilon_yy, epsilon_xy
   0.00000,   0.00000,   0.00000
  -0.00048,  -0.00032,   0.00019
  -0.00096,  -0.00065,   0.00038
  -0.00143,  -0.00097,   0.00056
  -0.00189,  -0.00130,   0.00074
  -0.00234,  -0.00162,   0.00091
  -0.00278,  -0.00194,   0.00108
  -0.00322,  -0.00227,   0.00124
  -0.00365,  -0.00259,   0.00140
  -0.00407,  -0.00291,   0.00156
  -0.00449,  -0.00324,   0.00171
  -0.00489,  -0.00356,   0.00186
  -0.00529,  -0.00388,   0.00200
  -0.00569,  -0.00421,   0.00214
  -0.00607,  -0.00453,   0.00228
  -0.00645,  -0.00485,   0.00241
  -0.00682,  -0.00517,   0.00254
  -0.00719,  -0.00550,   0.00266
  -0.00754,  -0.00582,   0.00279
  -0.00789,  -0.00614,   0.00290
  -0.00824,  -0.00646,   0.00302
  -0.00857,  -0.00679,   0.00313
  -0.00890,  -0.00711,   0.00324
  -0.00923,  -0.00743,   0.00334
  -0.00954,  -0.00775,   0.00344
  -0.00985,  -0.00807,   0.00354
  -0.01016,  -0.00839,   0.00363
  -0.01045,  -0.00871,   0.00373
  -0.01074,  -0.00903,   0.00381
  -0.01103,  -0.00935,   0.00390
  -0.01130,  -0.00967,   0.00398
  -0.01157,  -0.00999,   0.00406
  -0.01184,  -0.01031,   0.00414
  -0.01210,  -0.01063,   0.00421
  -0.01235,  -0.01095,   0.00429
  -0.01260,  -0.01127,   0.00435
  -0.01284,  -0.01158,   0.00442
  -0.01307,  -0.01190,   0.00448
  -0.01330,  -0.01222,   0.00454
  -0.01352,  -0.01254,   0.00460
  -0.01374,  -0.01285,   0.00466
  -0.01395,  -0.01317,   0.00471
  -0.01415,  -0.01348,   0.00477
  -0.01435,  -0.01380,   0.00482
  -0.01454,  -0.01412,   0.00486
  -0.01473,  -0.01443,   0.00491
  -0.01491,  -0.01474,   0.00495
  -0.01509,  -0.01506,   0.00499
  -0.01526,  -0.01537,   0.00503
  -0.01542,  -0.01569,   0.00507
  -0.01558,  -0.01600,   0.00510
  -0.01574,  -0.01631,   0.00514
  -0.01588,  -0.01662,   0.00517
  -0.01603,  -0.01693,   0.00520
  -0.01617,  -0.01724,   0.00523
  -0.01630,  -0.01755,   0.00526
  -0.01643,  -0.01786,   0.00528
  -0.01655,  -0.01817,   0.00531
  -0.01667,  -0.01848,   0.00533
  -0.01678,  -0.01879,   0.00535
  -0.01689,  -0.01910,   0.00537
  -0.01699,  -0.01941,   0.00539
  -0.01709,  -0.01971,   0.00541
  -0.01719,  -0.02002,   0.00543
  -0.01728,  -0.02033,   0.00544
  -0.01736,  -0.02063,   0.00546
  -0.01744,  -0.02094,   0.00547
  -0.01752,  -0.02124,   0.00548
  -0.01759,  -0.02155,   0.00549
  -0.01765,  -0.02185,   0.00551
  -0.01772,  -0.02215,   0.00552
  -0.01777,  -0.02246,   0.00553
  -0.01783,  -0.02276,   0.00553
  -0.01788,  -0.02306,   0.00554
  -0.01792,  -0.02336,   0.00555
  -0.01796,  -0.02366,   0.00556
  -0.01800,  -0.02396,   0.00556
  -0.01803,  -0.02426,   0.00557
  -0.01806,  -0.02455,   0.00558
  -0.01808,  -0.02485,   0.00558
  -0.01810,  -0.02515,   0.00559
  -0.01812,  -0.02545,   0.00559
  -0.01813,  -0.02574,   0.00560
  -0.01814,  -0.02604,   0.00560
  -0.01815,  -0.02633,   0.00561
  -0.01815,  -0.02662,   0.00561
  -0.01815,  -0.02692,   0.00562
  -0.01814,  -0.02721,   0.00562
  -0.01813,  -0.02750,   0.00563
  -0.01812,  -0.02779,   0.00563
  -0.01810,  -0.02808,   0.00563
  -0.01808,  -0.02837,   0.00564
  -0.01806,  -0.02866,   0.00565
  -0.01803,  -0.02895,   0.00565
  -0.01800,  -0.02924,   0.00566
  -0.01797,  -0.02952,   0.00566
  -0.01793,  -0.02981,   0.00567
  -0.01789,  -0.03010,   0.00568
  -0.01785,  -0.03038,   0.00569
  -0.01781,  -0.03066,   0.00570
  -0.01776,  -0.03095,   0.00571
  -0.01771,  -0.03123,   0.00572
  -0.01765,  -0.03151,   0.00573
  -0.01760,  -0.03179,   0.00574
  -0.01754,  -0.03207,   0.00575
  -0.01747,  -0.03235,   0.00576
  -0.01741,  -0.03263,   0.00578
  -0.01734,  -0.03291,   0.00579
  -0.01727,  -0.03318,   0.00581
  -0.01719,  -0.03346,   0.00583
  -0.01712,  -0.03373,   0.00584
  -0.01704,  -0.03401,   0.00586
  -0.01696,  -0.03428,   0.00588
  -0.01688,  -0.03455,   0.00590
  -0.01679,  -0.03482,   0.00593
  -0.01670,  -0.03510,   0.00595
  -0.01661,  -0.03536,   0.00597
  -0.01652,  -0.03563,   0.00600
  -0.01642,  -0.03590,   0.00603
  -0.01632,  -0.03617,   0.00606
  -0.01623,  -0.03643,   0.00609
  -0.01612,  -0.03670,   0.00612
  -0.01602,  -0.03696,   0.00615
  -0.01591,  -0.03723,   0.00619
  -0.01581,  -0.03749,   0.00622
  -0.01570,  -0.03775,   0.00626
  -0.01558,  -0.03801,   0.00630
  -0.01547,  -0.03827,   0.00634
  -0.01536,  -0.03853,   0.00638
  -0.01524,  -0.03879,   0.00643
  -0.01512,  -0.03904,   0.00647
  -0.01500,  -0.03930,   0.00652
  -0.01488,  -0.03955,   0.00657
  -0.01475,  -0.03980,   0.00662
  -0.01463,  -0.04006,   0.00667
  -0.01450,  -0.04031,   0.00673
  -0.01437,  -0.04056,   0.00679
  -0.01424,  -0.04081,   0.00684
  -0.01411,  -0.04105,   0.00690
  -0.01398,  -0.04130,   0.00697
  -0.01384,  -0.04155,   0.00703
  -0.01370,  -0.04179,   0.00710
  -0.01357,  -0.04203,   0.00717
  -0.01343,  -0.04227,   0.00724
  -0.01329,  -0.04252,   0.00731
  -0.01315,  -0.04275,   0.00738
  -0.01301,  -0.04299,   0.00746
  -0.01286,  -0.04323,   0.00754
  -0.01272,  -0.04347,   0.00762
  -0.01257,  -0.04370,   0.00770
  -0.01243,  -0.04393,   0.00779
  -0.01228,  -0.04417,   0.00788
  -0.01213,  -0.04440,   0.00797
  -0.01198,  -0.04463,   0.00806
  -0.01183,  -0.04485,   0.00816
  -0.01168,  -0.04508,   0.00825
  -0.01152,  -0.04531,   0.00835
  -0.01137,  -0.04553,   0.00845
  -0.01122,  -0.04575,   0.00856
  -0.01106,  -0.04598,   0.00866
  -0.01091,  -0.04620,   0.00877
  -0.01075,  -0.04642,   0.00888
  -0.01059,  -0.04663,   0.00900
  -0.01044,  -0.04685,   0.00911
  -0.01028,  -0.04706,   0.00923
  -0.01012,  -0.04728,   0.00935
  -0.00996,  -0.04749,   0.00947
  -0.00980,  -0.04770,   0.00960
  -0.00964,  -0.04791,   0.00973
  -0.00948,  -0.04811,   0.00986
  -0.00932,  -0.04832,   0.00999
  -0.00916,  -0.04852,   0.01013
  -0.00899,  -0.04873,   0.01027
  -0.00883,  -0.04893,   0.01041
  -0.00867,  -0.04913,   0.01055
  -0.00851,  -0.04932,   0.01070
  -0.00834,  -0.04952,   0.01085
  -0.00818,  -0.04972,   0.01100
  -0.00801,  -0.04991,   0.01115
  -0.00785,  -0.05010,   0.01131
  -0.00769,  -0.05029,   0.01147
  -0.00752,  -0.05048,   0.01163
  -0.00736,  -0.05066,   0.01179
  -0.00719,  -0.05085,   0.01196
  -0.00703,  -0.05103,   0.01213
  -0.00686,  -0.05121,   0.01230
  -0.00670,  -0.05139,   0.01247
  -0.00653,  -0.05157,   0.01265
  -0.00637,  -0.05174,   0.01283
  -0.00620,  -0.05192,   0.01301
  -0.00604,  -0.05209,   0.01320
  -0.00587,  -0.05226,   0.01339
  -0.00571,  -0.05243,   0.01358
  -0.00555,  -0.05259,   0.01377
  -0.00538,  -0.05276,   0.01397
  -0.00522,  -0.05292,   0.01416
  -0.00505,  -0.05308,   0.01436
  -0.00489,  -0.05324,   0.01457
  -0.00473,  -0.05340,   0.01477
  -0.00456,  -0.05355,   0.01498
  -0.00440,  -0.05370,   0.01519
  -0.00424,  -0.05385,   0.01541
  -0.00407,  -0.05400,   0.01562
  -0.00391,  -0.05415,   0.01584
  -0.00375,  -0.05429,   0.01606
  -0.00359,  -0.05444,   0.01629
  -0.00343,  -0.05458,   0.01652
  -0.00327,  -0.05471,   0.01674
  -0.00311,  -0.05485,   0.01698
  -0.00295,  -0.05498,   0.01721
  -0.00279,  -0.05511,   0.01745
  -0.00263,  -0.05524,   0.01769
  -0.00247,  -0.05537,   0.01793
  -0.00231,  -0.05550,   0.01817
  -0.00215,  -0.05562,   0.01842
  -0.00200,  -0.05574,   0.01867
  -0.00184,  -0.05586,   0.01892
  -0.00168,  -0.05597,   0.01917
  -0.00153,  -0.05608,   0.01943
  -0.00137,  -0.05619,   0.01969
  -0.00122,  -0.05630,   0.01995
  -0.00107,  -0.05641,   0.02022
  -0.00091,  -0.05651,   0.02048
  -0.00076,  -0.05661,   0.02075
  -0.00061,  -0.05671,   0.02102
  -0.00046,  -0.05681,   0.02129
  -0.00031,  -0.05690,   0.02157
  -0.00016,  -0.05699,   0.02185
  -0.00001,  -0.05708,   0.02213
   0.00014,  -0.05716,   0.02241
   0.00028,  -0.05725,   0.02269
   0.00043,  -0.05733,   0.02298
   0.00057,  -0.05740,   0.02327
   0.00072,  -0.05748,   0.02356
   0.00086,  -0.05755,   0.02385
   0.00101,  -0.05762,   0.02415
   0.00115,  -0.05769,   0.02445
   0.00129,  -0.05775,   0.02475
   0.00143,  -0.05781,   0.02505
   0.00157,  -0.05787,   0.02535
   0.00171,  -0.05793,   0.02566
   0.00185,  -0.05798,   0.02597
   0.00199,  -0.05803,   0.02628
   0.00212,  -0.05807,   0.02659
   0.00226,  -0.05812,   0.02690
   0.00239,  -0.05816,   0.02722
   0.00253,  -0.05820,   0.02753
   0.00266,  -0.05823,   0.02785
   0.00279,  -0.05826,   0.02817
   0.00292,  -0.05829,   0.02850
   0.00305,  -0.05832,   0.02882
   0.00318,  -0.05834,   0.02915
   0.00331,  -0.05836,   0.02947
   0.00343,  -0.05838,   0.02980
   0.00356,  -0.05839,   0.03014
   0.00369,  -0.05840,   0.03047
   0.00381,  -0.05841,   0.03080
   0.00393,  -0.05841,   0.03114
   0.00405,  -0.05841,   0.03148
   0.00418,  -0.05841,   0.03182
   0.00430,  -0.05840,   0.03216
   0.00441,  -0.05839,   0.03250
   0.00453,  -0.05838,   0.03284
   0.00465,  -0.05836,   0.03318
   0.00476,  -0.05834,   0.03353
   0.00488,  -0.05832,   0.03388
   0.00499,  -0.05829,   0.03423
   0.00510,  -0.05826,   0.03458
   0.00522,  -0.05823,   0.03493
   0.00533,  -0.05819,   0.03528
   0.00543,  -0.05815,   0.03563
   0.00554,  -0.05811,   0.03599
   0.00565,  -0.05806,   0.03634
   0.00576,  -0.05801,   0.03670
   0.00586,  -0.05795,   0.03706
   0.00596,  -0.05790,   0.03741
   0.00607,  -0.05783,   0.03777
   0.00617,  -0.05777,   0.03813
   0.00627,  -0.05770,   0.03849
   0.00637,  -0.05762,   0.03886
   0.00646,  -0.05755,   0.03922
   0.00656,  -0.05747,   0.03958
   0.00666,  -0.05738,   0.03994
   0.00675,  -0.05729,   0.04031
   0.00684,  -0.05720,   0.04067
   0.00694,  -0.05710,   0.04104
   0.00703,  -0.05700,   0.04141
   0.00712,  -0.05690,   0.04177
   0.00720,  -0.05679,   0.04214
   0.00729,  -0.05668,   0.04251
   0.00738,  -0.05656,   0.04287
   0.00746,  -0.05644,   0.04324
   0.00755,  -0.05632,   0.04361
   0.00763,  -0.05619,   0.04398
   0.00771,  -0.05605,   0.04435
   0.00779,  -0.05592,   0.04472
   0.00787,  -0.05578,   0.04509
   0.00795,  -0.05563,   0.04545
   0.00802,  -0.05548,   0.04582
   0.00810,  -0.05533,   0.04619
   0.00817,  -0.05517,   0.04656
   0.00825,  -0.05501,   0.04693
   0.00832,  -0.05484,   0.04730
   0.00839,  -0.05467,   0.04767
   0.00846,  -0.05449,   0.04804
   0.00853,  -0.05431,   0.04840
   0.00859,  -0.05413,   0.04877
   0.00866,  -0.05394,   0.04914
   0.00872,  -0.05375,   0.04950
   0.00879,  -0.05355,   0.04987
   0.00885,  -0.05335,   0.05024
   0.00891,  -0.05314,   0.05060
   0.00897,  -0.05293,   0.05097
   0.00903,  -0.05272,   0.05133
   0.00908,  -0.05250,   0.05169
   0.00914,  -0.05227,   0.05206
   0.00920,  -0.05204,   0.05242
   0.00925,  -0.05181,   0.05278
   0.00930,  -0.05157,   0.05314
   0.00935,  -0.05133,   0.05350
   0.00940,  -0.05108,   0.05385
   0.00945,  -0.05083,   0.05421
   0.00950,  -0.05057,   0.05457
   0.00954,  -0.05031,   0.05492
   0.00959,  -0.05004,   0.05528
   0.00963,  -0.04977,   0.05563
   0.00967,  -0.04949,   0.05598
   0.00971,  -0.04921,   0.05633
   0.00975,  -0.04892,   0.05668
   0.00979,  -0.04863,   0.05702
   0.00983,  -0.04833,   0.05737
   0.00987,  -0.04803,   0.05771
   0.00990,  -0.04773,   0.05806
   0.00993,  -0.04741,   0.05840
   0.00997,  -0.04710,   0.05874
   0.01000,  -0.04678,   0.05907
   0.01003,  -0.04645,   0.05941
   0.01006,  -0.04612,   0.05974
   0.01008,  -0.04578,   0.06007
   0.01011,  -0.04544,   0.06041
   0.01013,  -0.04509,   0.06073
   0.01016,  -0.04474,   0.06106
   0.01018,  -0.04438,   0.06138
   0.01020,  -0.04402,   0.06171
   0.01022,  -0.04365,   0.06203
   0.01024,  -0.04328,   0.06234
   0.01026,  -0.04290,   0.06266
   0.01027,  -0.04252,   0.06297
   0.01029,  -0.04213,   0.06328
   0.01030,  -0.04174,   0.06359
   0.01031,  -0.04134,   0.06390
   0.01032,  -0.04093,   0.06420
   0.01033,  -0.04052,   0.06450
   0.01034,  -0.04011,   0.06480
   0.01035,  -0.03969,   0.06510
   0.01036,  -0.03926,   0.06539
   0.01036,  -0.03883,   0.06568
   0.01036,  -0.03839,   0.06597
   0.01037,  -0.03795,   0.06625
   0.01037,  -0.03750,   0.06654
   0.01037,  -0.03705,   0.06681
   0.01036,  -0.03659,   0.06709
   0.01036,  -0.03612,   0.06736
   0.01036,  -0.03565,   0.06763
   0.01035,  -0.03518,   0.06790
   0.01035,  -0.03469,   0.06816
   0.01034,  -0.03421,   0.06843
   0.01033,  -0.03371,   0.06868
   0.01032,  -0.03322,   0.06894
   0.01031,  -0.03271,   0.06919
   0.01029,  -0.03220,   0.06944
   0.01028,  -0.03169,   0.06968
   0.01026,  -0.03117,   0.06992
   0.01025,  -0.03064,   0.07016
   0.01023,  -0.03011,   0.07039
   0.01021,  -0.02957,   0.07062
   0.01019,  -0.02902,   0.07085
   0.01017,  -0.02847,   0.07107
   0.01014,  -0.02792,   0.07129
   0.01012,  -0.02736,   0.07150
   0.01009,  -0.02679,   0.07171
   0.01006,  -0.02622,   0.07192
   0.01004,  -0.02564,   0.07212
   0.01001,  -0.02506,   0.07232
   0.00998,  -0.02446,   0.07252
   0.00994,  -0.02387,   0.07271
   0.00991,  -0.02327,   0.07289
   0.00987,  -0.02266,   0.07308
   0.00984,  -0.02204,   0.07325
   0.00980,  -0.02142,   0.07343
   0.00976,  -0.02080,   0.07360
   0.00972,  -0.02017,   0.07376
   0.00968,  -0.01953,   0.07393
   0.00964,  -0.01889,   0.07408
   0.00959,  -0.01824,   0.07423
   0.00955,  -0.01758,   0.07438
   0.00950,  -0.01692,   0.07453
   0.00945,  -0.01625,   0.07466
   0.00940,  -0.01558,   0.07480
   0.00935,  -0.01490,   0.07493
   0.00930,  -0.01422,   0.07505
   0.00925,  -0.01352,   0.07517
   0.00919,  -0.01283,   0.07529
   0.00913,  -0.01212,   0.07540
   0.00908,  -0.01141,   0.07550
   0.00902,  -0.01070,   0.07560
   0.00896,  -0.00998,   0.07570
   0.00890,  -0.00925,   0.07579
   0.00883,  -0.00852,   0.07587
   0.00877,  -0.00778,   0.07595
   0.00870,  -0.00703,   0.07603
   0.00864,  -0.00628,   0.07610
   0.00857,  -0.00552,   0.07616
   0.00850,  -0.00476,   0.07622
   0.00843,  -0.00399,   0.07628
   0.00835,  -0.00321,   0.07633
   0.00828,  -0.00243,   0.07637
   0.00821,  -0.00164,   0.07641
   0.00813,  -0.00085,   0.07644
   0.00805,  -0.00005,   0.07647
   0.00797,   0.00076,   0.07649
   0.00789,   0.00157,   0.07650
   0.00781,   0.00239,   0.07652
   0.00772,   0.00321,   0.07652
   0.00764,   0.00404,   0.07652
   0.00755,   0.00488,   0.07651
   0.00746,   0.00572,   0.07650
   0.00737,   0.00657,   0.07648
   0.00728,   0.00742,   0.07646
   0.00719,   0.00828,   0.07643
   0.00710,   0.00915,   0.07640
   0.00700,   0.01002,   0.07636
   0.00690,   0.01090,   0.07631
   0.00681,   0.01179,   0.07626
   0.00671,   0.01268,   0.07620
   0.00660,   0.01358,   0.07613
   0.00650,   0.01448,   0.07606
   0.00640,   0.01539,   0.07599
   0.00629,   0.01631,   0.07590
   0.00618,   0.01723,   0.07581
   0.00608,   0.01816,   0.07572
   0.00597,   0.01909,   0.07562
   0.00585,   0.02003,   0.07551
   0.00574,   0.02097,   0.07540
   0.00563,   0.02193,   0.07528
   0.00551,   0.02288,   0.07515
   0.00539,   0.02385,   0.07502
   0.00527,   0.02482,   0.07488
   0.00515,   0.02579,   0.07474
   0.00503,   0.02677,   0.07459
   0.00490,   0.02776,   0.07443
   0.00478,   0.02876,   0.07426
   0.00465,   0.02976,   0.07409
   0.00452,   0.03076,   0.07392
   0.00439,   0.03177,   0.07373
   0.00426,   0.03279,   0.07354
   0.00413,   0.03381,   0.07335
   0.00399,   0.03484,   0.07315
   0.00385,   0.03588,   0.07294
   0.00372,   0.03692,   0.07272
   0.00358,   0.03797,   0.07250
   0.00343,   0.03902,   0.07227
   0.00329,   0.04008,   0.07203
   0.00315,   0.04114,   0.07179
   0.00300,   0.04221,   0.07154
   0.00285,   0.04329,   0.07129
   0.00270,   0.04437,   0.07103
   0.00255,   0.04546,   0.07076
   0.00239,   0.04655,   0.07048
   0.00224,   0.04765,   0.07020
   0.00208,   0.04875,   0.06991
   0.00192,   0.04987,   0.06962
   0.00176,   0.05098,   0.06931
   0.00160,   0.05210,   0.06900
   0.00144,   0.05323,   0.06869
   0.00127,   0.05436,   0.06837
   0.00111,   0.05550,   0.06804
   0.00094,   0.05665,   0.06770
   0.00077,   0.05780,   0.06736
   0.00059,   0.05895,   0.06701
   0.00042,   0.06012,   0.06665
   0.00024,   0.06128,   0.06629
   0.00007,   0.06245,   0.06592
  -0.00011,   0.06363,   0.06554
  -0.00030,   0.06482,   0.06515
  -0.00048,   0.06601,   0.06476
  -0.00066,   0.06720,   0.06437
  -0.00085,   0.06840,   0.06396
  -0.00104,   0.06960,   0.06355
  -0.00123,   0.07081,   0.06313
  -0.00142,   0.07203,   0.06271
  -0.00162,   0.07325,   0.06227
  -0.00181,   0.07448,   0.06183
  -0.00201,   0.07571,   0.06139
  -0.00221,   0.07695,   0.06094
  -0.00241,   0.07819,   0.06048
  -0.00262,   0.07944,   0.06001
  -0.00282,   0.08069,   0.05954
  -0.00303,   0.08195,   0.05906
  -0.00324,   0.08321,   0.05857
  -0.00345,   0.08448,   0.05807
  -0.00366,   0.08575,   0.05757
  -0.00388,   0.08703,   0.05706
  -0.00409,   0.08831,   0.05655
  -0.00431,   0.08960,   0.05603
  -0.00453,   0.09090,   0.05550
  -0.00476,   0.09219,   0.05497
  -0.00498,   0.09350,   0.05442
  -0.00521,   0.09481,   0.05387
  -0.00544,   0.09612,   0.05332
  -0.00567,   0.09744,   0.05276
  -0.00590,   0.09876,   0.05219
  -0.00614,   0.10009,   0.05161
  -0.00637,   0.10142,   0.05103
  -0.00661,   0.10276,   0.05044
  -0.00685,   0.10410,   0.04984
  -0.00710,   0.10544,   0.04924
  -0.00734,   0.10679,   0.04863
  -0.00759,   0.10815,   0.04801
  -0.00784,   0.10951,   0.04739
  -0.00809,   0.11087,   0.04676
  -0.00834,   0.11224,   0.04612
  -0.00860,   0.11362,   0.04548
  -0.00886,   0.11499,   0.04483
  -0.00911,   0.11638,   0.04417
  -0.00938,   0.11776,   0.04351
  -0.00964,   0.11915,   0.04284
  -0.00991,   0.12055,   0.04216
  -0.01017,   0.12195,   0.04148
  -0.01044,   0.12335,   0.04079
  -0.01072,   0.12476,   0.04010
  -0.01099,   0.12617,   0.03939
  -0.01127,   0.12759,   0.03869
  -0.01155,   0.12901,   0.03797
  -0.01183,   0.13043,   0.03725
  -0.01211,   0.13186,   0.03652
  -0.01240,   0.13329,   0.03579
  -0.01268,   0.13473,   0.03505
  -0.01297,   0.13617,   0.03430
  -0.01326,   0.13762,   0.03355
  -0.01356,   0.13906,   0.03279
  -0.01386,   0.14051,   0.03202
  -0.01415,   0.14197,   0.03125
  -0.01445,   0.14343,   0.03047
  -0.01476,   0.14489,   0.02969
  -0.01506,   0.14636,   0.02890
  -0.01537,   0.14783,   0.02810
  -0.01568,   0.14930,   0.02730
  -0.01599,   0.15078,   0.02649
  -0.01631,   0.15226,   0.02567
  -0.01662,   0.15374,   0.02485
  -0.01694,   0.15523,   0.02403
  -0.01726,   0.15672,   0.02319
  -0.01758,   0.15821,   0.02236
  -0.01791,   0.15971,   0.02151
  -0.01824,   0.16121,   0.02066
  -0.01857,   0.16271,   0.01981
  -0.01890,   0.16422,   0.01895
  -0.01923,   0.16573,   0.01808
  -0.01957,   0.16724,   0.01721
  -0.01991,   0.16876,   0.01633
  -0.02025,   0.17028,   0.01544
  -0.02059,   0.17180,   0.01456
  -0.02094,   0.17332,   0.01366
  -0.02129,   0.17485,   0.01276
  -0.02164,   0.17638,   0.01185
  -0.02199,   0.17791,   0.01094
  -0.02235,   0.17945,   0.01003
  -0.02271,   0.18099,   0.00911
  -0.02307,   0.18253,   0.00818
  -0.02343,   0.18407,   0.00725
  -0.02379,   0.18561,   0.00631
  -0.02416,   0.18716,   0.00537
  -0.02453,   0.18871,   0.00442
  -0.02490,   0.19027,   0.00347
  -0.02527,   0.19182,   0.00251
  -0.02565,   0.19338,   0.00155
  -0.02603,   0.19494,   0.00058
  -0.02641,   0.19650,  -0.00039
  -0.02679,   0.19806,  -0.00137
  -0.02718,   0.19963,  -0.00235
  -0.02757,   0.20120,  -0.00333
  -0.02796,   0.20277,  -0.00432
  -0.02835,   0.20434,  -0.00532
  -0.02874,   0.20591,  -0.00632
  -0.02914,   0.20749,  -0.00732
  -0.02954,   0.20906,  -0.00833
  -0.02994,   0.21064,  -0.00935
  -0.03035,   0.21222,  -0.01036
  -0.03075,   0.21380,  -0.01138
  -0.03116,   0.21539,  -0.01241
  -0.03157,   0.21697,  -0.01344
  -0.03199,   0.21856,  -0.01447
  -0.03240,   0.22015,  -0.01551
  -0.03282,   0.22174,  -0.01655
  -0.03324,   0.22333,  -0.01760
  -0.03366,   0.22492,  -0.01865
  -0.03409,   0.22651,  -0.01970
  -0.03452,   0.22811,  -0.02076
  -0.03495,   0.22970,  -0.02182
  -0.03538,   0.23130,  -0.02289
  -0.03581,   0.23289,  -0.02396
  -0.03625,   0.23449,  -0.02503
  -0.03669,   0.23609,  -0.02610
  -0.03713,   0.23769,  -0.02718
  -0.03758,   0.23929,  -0.02826
  -0.03802,   0.24090,  -0.02935
  -0.03847,   0.24250,  -0.03044
  -0.03892,   0.24410,  -0.03153
  -0.03937,   0.24570,  -0.03262
  -0.03983,   0.24731,  -0.03372
  -0.04029,   0.24891,  -0.03482
  -0.04075,   0.25052,  -0.03593
  -0.04121,   0.25212,  -0.03703
  -0.04167,   0.25373,  -0.03814
  -0.04214,   0.25533,  -0.03925
  -0.04261,   0.25694,  -0.04037
  -0.04308,   0.25855,  -0.04149
  -0.04355,   0.26015,  -0.04261
  -0.04403,   0.26176,  -0.04373
  -0.04451,   0.26337,  -0.04485
  -0.04499,   0.26497,  -0.04598
  -0.04547,   0.26658,  -0.04711
  -0.04595,   0.26819,  -0.04824
  -0.04644,   0.26979,  -0.04937
  -0.04693,   0.27140,  -0.05051
  -0.04742,   0.27300,  -0.05164
  -0.04791,   0.27461,  -0.05278
  -0.04841,   0.27621,  -0.05392
  -0.04891,   0.27782,  -0.05507
  -0.04941,   0.27942,  -0.05621
  -0.04991,   0.28102,  -0.05736
  -0.05041,   0.28262,  -0.05851
  -0.05092,   0.28423,  -0.05965
  -0.05143,   0.28583,  -0.06081
  -0.05194,   0.28743,  -0.06196
  -0.05245,   0.28903,  -0.06311
  -0.05296,   0.29062,  -0.06426
  -0.05348,   0.29222,  -0.06542
  -0.05400,   0.29382,  -0.06658
  -0.05452,   0.29541,  -0.06773
  -0.05504,   0.29701,  -0.06889
  -0.05557,   0.29860,  -0.07005
  -0.05609,   0.30019,  -0.07121
  -0.05662,   0.30178,  -0.07237
  -0.05715,   0.30337,  -0.07353
  -0.05768,   0.30496,  -0.07469
  -0.05822,   0.30654,  -0.07586
  -0.05876,   0.30813,  -0.07702
  -0.05929,   0.30971,  -0.07818
  -0.05983,   0.31129,  -0.07934
  -0.06038,   0.31287,  -0.08051
  -0.06092,   0.31445,  -0.08167
  -0.06147,   0.31603,  -0.08283
  -0.06201,   0.31760,  -0.08400
  -0.06256,   0.31917,  -0.08516
  -0.06312,   0.32074,  -0.08632
  -0.06367,   0.32231,  -0.08748
  -0.06422,   0.32388,  -0.08864
  -0.06478,   0.32544,  -0.08981
  -0.06534,   0.32701,  -0.09097
  -0.06590,   0.32857,  -0.09213
  -0.06646,   0.33012,  -0.09329
  -0.06703,   0.33168,  -0.09444
  -0.06759,   0.33323,  -0.09560
  -0.06816,   0.33478,  -0.09676
  -0.06873,   0.33633,  -0.09791
  -0.06930,   0.33788,  -0.09907
  -0.06987,   0.33942,  -0.10022
  -0.07044,   0.34096,  -0.10137
  -0.07102,   0.34250,  -0.10253
  -0.07160,   0.34403,  -0.10368
  -0.07217,   0.34557,  -0.10482
  -0.07275,   0.34710,  -0.10597
  -0.07334,   0.34862,  -0.10711
  -0.07392,   0.35015,  -0.10826
  -0.07450,   0.35167,  -0.10940
  -0.07509,   0.35318,  -0.11054
  -0.07568,   0.35470,  -0.11167
  -0.07627,   0.35621,  -0.11281
  -0.07686,   0.35772,  -0.11394
  -0.07745,   0.35922,  -0.11507
  -0.07804,   0.36073,  -0.11620
  -0.07863,   0.36222,  -0.11733
  -0.07923,   0.36372,  -0.11845
  -0.07983,   0.36521,  -0.11957
  -0.08042,   0.36670,  -0.12069
  -0.08102,   0.36818,  -0.12181
  -0.08162,   0.36966,  -0.12292
  -0.08223,   0.37114,  -0.12403
  -0.08283,   0.37262,  -0.12514
  -0.08343,   0.37408,  -0.12624
  -0.08404,   0.37555,  -0.12734
  -0.08464,   0.37701,  -0.12844
  -0.08525,   0.37847,  -0.12953
  -0.08586,   0.37993,  -0.13063
  -0.08647,   0.38138,  -0.13171
  -0.08708,   0.38282,  -0.13280
  -0.08769,   0.38427,  -0.13388
  -0.08830,   0.38570,  -0.13495
  -0.08891,   0.38714,  -0.13603
  -0.08953,   0.38857,  -0.13710
  -0.09014,   0.38999,  -0.13816
  -0.09076,   0.39141,  -0.13922
  -0.09137,   0.39283,  -0.14028
  -0.09199,   0.39424,  -0.14134
  -0.09261,   0.39565,  -0.14239
  -0.09323,   0.39706,  -0.14343
  -0.09385,   0.39845,  -0.14447
  -0.09447,   0.39985,  -0.14551
  -0.09509,   0.40124,  -0.14654
  -0.09571,   0.40262,  -0.14757
  -0.09633,   0.40400,  -0.14859
  -0.09695,   0.40538,  -0.14961
  -0.09757,   0.40675,  -0.15062
  -0.09820,   0.40812,  -0.15163
  -0.09882,   0.40948,  -0.15263
  -0.09945,   0.41084,  -0.15363
  -0.10007,   0.41219,  -0.15462
  -0.10069,   0.41353,  -0.15561
  -0.10132,   0.41487,  -0.15659
  -0.10195,   0.41621,  -0.15756
  -0.10257,   0.41754,  -0.15854
  -0.10320,   0.41887,  -0.15950
  -0.10382,   0.42019,  -0.16046
  -0.10445,   0.42150,  -0.16142
  -0.10508,   0.42281,  -0.16237
  -0.10570,   0.42412,  -0.16331
  -0.10633,   0.42542,  -0.16424
  -0.10696,   0.42671,  -0.16518
  -0.10758,   0.42800,  -0.16610
  -0.10821,   0.42928,  -0.16702
  -0.10884,   0.43056,  -0.16793
  -0.10946,   0.43183,  -0.16884
  -0.11009,   0.43310,  -0.16974
  -0.11072,   0.43436,  -0.17063
  -0.11134,   0.43561,  -0.17152
  -0.11197,   0.43686,  -0.17240
  -0.11259,   0.43811,  -0.17327
  -0.11322,   0.43934,  -0.17414
  -0.11384,   0.44058,  -0.17500
  -0.11447,   0.44180,  -0.17586
  -0.11509,   0.44302,  -0.17670
  -0.11572,   0.44424,  -0.17754
  -0.11634,   0.44545,  -0.17838
  -0.11696,   0.44665,  -0.17920
  -0.11759,   0.44784,  -0.18002
  -0.11821,   0.44903,  -0.18083
  -0.11883,   0.45022,  -0.18164
  -0.11945,   0.45140,  -0.18243
  -0.12007,   0.45257,  -0.18322
  -0.12069,   0.45373,  -0.18400
  -0.12131,   0.45489,  -0.18478
  -0.12192,   0.45605,  -0.18554
  -0.12254,   0.45719,  -0.18630
  -0.12316,   0.45833,  -0.18705
  -0.12377,   0.45947,  -0.18780
  -0.12438,   0.46059,  -0.18853
  -0.12500,   0.46172,  -0.18926
  -0.12561,   0.46283,  -0.18998
  -0.12622,   0.46394,  -0.19069
  -0.12683,   0.46504,  -0.19139
  -0.12744,   0.46614,  -0.19209
  -0.12805,   0.46722,  -0.19278
  -0.12865,   0.46831,  -0.19346
  -0.12926,   0.46938,  -0.19413
  -0.12986,   0.47045,  -0.19479
  -0.13046,   0.47151,  -0.19544
  -0.13106,   0.47257,  -0.19609
  -0.13166,   0.47362,  -0.19672
  -0.13226,   0.47466,  -0.19735
  -0.13286,   0.47570,  -0.19797
  -0.13345,   0.47672,  -0.19858
  -0.13405,   0.47775,  -0.19918
  -0.13464,   0.47876,  -0.19977
  -0.13523,   0.47977,  -0.20035
  -0.13582,   0.48077,  -0.20093
  -0.13640,   0.48176,  -0.20149
  -0.13699,   0.48275,  -0.20205
  -0.13757,   0.48373,  -0.20260
  -0.13815,   0.48470,  -0.20313
  -0.13873,   0.48567,  -0.20366
  -0.13931,   0.48663,  -0.20418
  -0.13989,   0.48758,  -0.20469
  -0.14046,   0.48853,  -0.20519
  -0.14103,   0.48947,  -0.20569
  -0.14160,   0.49040,  -0.20617
  -0.14217,   0.49132,  -0.20664
  -0.14273,   0.49224,  -0.20710
  -0.14330,   0.49315,  -0.20756
  -0.14386,   0.49405,  -0.20800
  -0.14441,   0.49495,  -0.20843
  -0.14497,   0.49583,  -0.20886
  -0.14552,   0.49672,  -0.20927
  -0.14608,   0.49759,  -0.20968
  -0.14662,   0.49846,  -0.21007
  -0.14717,   0.49932,  -0.21045
  -0.14771,   0.50017,  -0.21083
  -0.14825,   0.50101,  -0.21119
  -0.14879,   0.50185,  -0.21155
  -0.14933,   0.50268,  -0.21189
  -0.14986,   0.50350,  -0.21223
  -0.15039,   0.50432,  -0.21255
  -0.15092,   0.50513,  -0.21287
  -0.15144,   0.50593,  -0.21317
  -0.15196,   0.50672,  -0.21347
  -0.15248,   0.50751,  -0.21375
  -0.15300,   0.50828,  -0.21402
  -0.15351,   0.50905,  -0.21429
  -0.15402,   0.50982,  -0.21454
  -0.15453,   0.51057,  -0.21478
  -0.15503,   0.51132,  -0.21501
  -0.15553,   0.51206,  -0.21524
  -0.15603,   0.51280,  -0.21545
  -0.15652,   0.51352,  -0.21565
  -0.15701,   0.51424,  -0.21584
  -0.15750,   0.51495,  -0.21602
  -0.15798,   0.51566,  -0.21619
  -0.15846,   0.51635,  -0.21635
  -0.15894,   0.51704,  -0.21649
  -0.15941,   0.51773,  -0.21663
  -0.15988,   0.51840,  -0.21676
  -0.16035,   0.51907,  -0.21687
  -0.16081,   0.51972,  -0.21698
  -0.16127,   0.52038,  -0.21707
  -0.16172,   0.52102,  -0.21716
  -0.16217,   0.52166,  -0.21723
  -0.16262,   0.52228,  -0.21729
  -0.16306,   0.52290,  -0.21734
  -0.16350,   0.52352,  -0.21739
  -0.16394,   0.52412,  -0.21742
  -0.16437,   0.52472,  -0.21744
  -0.16480,   0.52531,  -0.21744
  -0.16522,   0.52590,  -0.21744
  -0.16564,   0.52647,  -0.21743
  -0.16605,   0.52704,  -0.21740
  -0.16646,   0.52760,  -0.21737
  -0.16687,   0.52815,  -0.21732
  -0.16727,   0.52870,  -0.21727
  -0.16767,   0.52924,  -0.21720
  -0.16806,   0.52977,  -0.21712
  -0.16845,   0.53029,  -0.21703
  -0.16884,   0.53081,  -0.21693
  -0.16922,   0.53131,  -0.21682
  -0.16959,   0.53181,  -0.21670
  -0.16996,   0.53231,  -0.21657
  -0.17033,   0.53279,  -0.21643
  -0.17069,   0.53327,  -0.21627
  -0.17105,   0.53374,  -0.21611
  -0.17140,   0.53420,  -0.21593
  -0.17175,   0.53466,  -0.21574
  -0.17209,   0.53511,  -0.21555
  -0.17243,   0.53555,  -0.21534
  -0.17276,   0.53598,  -0.21512
  -0.17309,   0.53640,  -0.21489
  -0.17341,   0.53682,  -0.21465
  -0.17373,   0.53723,  -0.21440
  -0.17404,   0.53763,  -0.21413
  -0.17435,   0.53803,  -0.21386
  -0.17465,   0.53842,  -0.21358
  -0.17495,   0.53880,  -0.21328
  -0.17524,   0.53917,  -0.21297
  -0.17553,   0.53953,  -0.21266
  -0.17581,   0.53989,  -0.21233
  -0.17608,   0.54024,  -0.21199
  -0.17635,   0.54058,  -0.21165
  -0.17662,   0.54092,  -0.21129
  -0.17688,   0.54125,  -0.21092
  -0.17713,   0.54157,  -0.21054
  -0.17738,   0.54188,  -0.21015
  -0.17762,   0.54219,  -0.20974
  -0.17786,   0.54249,  -0.20933
  -0.17809,   0.54278,  -0.20891
  -0.17832,   0.54306,  -0.20848
  -0.17854,   0.54334,  -0.20803
  -0.17876,   0.54361,  -0.20758
  -0.17896,   0.54387,  -0.20711
  -0.17917,   0.54413,  -0.20664
  -0.17936,   0.54438,  -0.20616
  -0.17955,   0.54462,  -0.20566
  -0.17974,   0.54485,  -0.20515
  -0.17992,   0.54507,  -0.20464
  -0.18009,   0.54529,  -0.20411
  -0.18026,   0.54551,  -0.20358
  -0.18042,   0.54571,  -0.20303
  -0.18058,   0.54591,  -0.20247
  -0.18072,   0.54610,  -0.20191
  -0.18087,   0.54628,  -0.20133
  -0.18100,   0.54646,  -0.20074
  -0.18113,   0.54663,  -0.20015
  -0.18126,   0.54679,  -0.19954
  -0.18137,   0.54694,  -0.19892
  -0.18148,   0.54709,  -0.19830
  -0.18159,   0.54723,  -0.19766
  -0.18169,   0.54737,  -0.19702
  -0.18178,   0.54749,  -0.19636
  -0.18186,   0.54761,  -0.19570
  -0.18194,   0.54772,  -0.19502
  -0.18201,   0.54783,  -0.19434
  -0.18208,   0.54793,  -0.19364
  -0.18214,   0.54802,  -0.19294
  -0.18219,   0.54811,  -0.19223
  -0.18223,   0.54819,  -0.19151
  -0.18227,   0.54826,  -0.19078
  -0.18230,   0.54832,  -0.19004
  -0.18233,   0.54838,  -0.18929
  -0.18235,   0.54843,  -0.18853
  -0.18236,   0.54848,  -0.18776
  -0.18236,   0.54851,  -0.18698
  -0.18236,   0.54855,  -0.18620
  -0.18235,   0.54857,  -0.18540
  -0.18233,   0.54859,  -0.18460
  -0.18231,   0.54860,  -0.18379
  -0.18228,   0.54860,  -0.18297
  -0.18224,   0.54860,  -0.18214
  -0.18220,   0.54859,  -0.18130
  -0.18215,   0.54858,  -0.18046
  -0.18209,   0.54856,  -0.17960
  -0.18202,   0.54853,  -0.17874
  -0.18195,   0.54849,  -0.17787
  -0.18187,   0.54845,  -0.17699
  -0.18178,   0.54841,  -0.17610
  -0.18168,   0.54835,  -0.17520
  -0.18158,   0.54829,  -0.17430
  -0.18147,   0.54822,  -0.17339
  -0.18135,   0.54815,  -0.17247
  -0.18123,   0.54807,  -0.17154
  -0.18110,   0.54799,  -0.17061
  -0.18096,   0.54789,  -0.16966
  -0.18081,   0.54780,  -0.16871
  -0.18066,   0.54769,  -0.16775
  -0.18049,   0.54758,  -0.16679
  -0.18032,   0.54747,  -0.16582
  -0.18015,   0.54734,  -0.16484
  -0.17996,   0.54721,  -0.16385
  -0.17977,   0.54708,  -0.16286
  -0.17957,   0.54694,  -0.16185
  -0.17936,   0.54679,  -0.16085
  -0.17915,   0.54664,  -0.15983
  -0.17892,   0.54648,  -0.15881
  -0.17869,   0.54631,  -0.15778
  -0.17845,   0.54614,  -0.15675
  -0.17821,   0.54597,  -0.15570
  -0.17795,   0.54578,  -0.15466
  -0.17769,   0.54559,  -0.15360
  -0.17742,   0.54540,  -0.15254
  -0.17714,   0.54520,  -0.15148
  -0.17686,   0.54499,  -0.15040
  -0.17657,   0.54478,  -0.14932
  -0.17626,   0.54456,  -0.14824
  -0.17596,   0.54434,  -0.14715
  -0.17564,   0.54411,  -0.14605
  -0.17531,   0.54388,  -0.14495
  -0.17498,   0.54364,  -0.14384
  -0.17464,   0.54339,  -0.14273
  -0.17429,   0.54314,  -0.14161
  -0.17393,   0.54288,  -0.14049
  -0.17357,   0.54262,  -0.13936
  -0.17320,   0.54235,  -0.13823
  -0.17282,   0.54208,  -0.13709
  -0.17243,   0.54180,  -0.13595
  -0.17203,   0.54152,  -0.13480
  -0.17162,   0.54123,  -0.13365
  -0.17121,   0.54093,  -0.13249
  -0.17079,   0.54063,  -0.13133
  -0.17036,   0.54033,  -0.13017
  -0.16992,   0.54002,  -0.12900
  -0.16948,   0.53970,  -0.12783
  -0.16902,   0.53938,  -0.12665
  -0.16856,   0.53905,  -0.12547
  -0.16809,   0.53872,  -0.12428
  -0.16761,   0.53839,  -0.12309
  -0.16712,   0.53804,  -0.12190
  -0.16663,   0.53770,  -0.12070
  -0.16613,   0.53734,  -0.11950
  -0.16562,   0.53699,  -0.11830
  -0.16510,   0.53663,  -0.11710
  -0.16457,   0.53626,  -0.11589
  -0.16403,   0.53589,  -0.11468
  -0.16349,   0.53551,  -0.11346
  -0.16293,   0.53513,  -0.11225
  -0.16237,   0.53474,  -0.11103
  -0.16180,   0.53435,  -0.10980
  -0.16123,   0.53396,  -0.10858
  -0.16064,   0.53356,  -0.10735
  -0.16005,   0.53315,  -0.10612
  -0.15944,   0.53274,  -0.10489
  -0.15883,   0.53232,  -0.10366
  -0.15821,   0.53190,  -0.10243
  -0.15759,   0.53148,  -0.10119
  -0.15695,   0.53105,  -0.09995
  -0.15631,   0.53062,  -0.09872
  -0.15566,   0.53018,  -0.09748
  -0.15499,   0.52974,  -0.09623
  -0.15433,   0.52929,  -0.09499
  -0.15365,   0.52884,  -0.09375
  -0.15296,   0.52838,  -0.09251
  -0.15227,   0.52792,  -0.09126
  -0.15157,   0.52746,  -0.09002
  -0.15086,   0.52699,  -0.08877
